"date","location","obs_date","mission","date_diff","secchi","med_Blue_corr","med_Red_corr","med_Green_corr","med_Nir_corr","med_Swir1_corr","med_Swir2_corr","prop_clouds","prop_hillShadow","pCount_dswe1","pCount_dswe3","min_cloud_dist","mean_cloud_dist","system.index","CLOUD_COVER","IMAGE_QUALITY","IMAGE_QUALITY_TIRS","SUN_AZIMUTH","SUN_ELEVATION","tot_sol_rad_KJpm2_3","mean_temp_degK_3","min_temp_degK_3","max_temp_degK_3","tot_precip_m_3","mean_wind_mps_3","tot_sol_rad_KJpm2_5","mean_temp_degK_5","min_temp_degK_5","max_temp_degK_5","tot_precip_m_5","mean_wind_mps_5","tot_sol_rad_KJpm2_7","mean_temp_degK_7","min_temp_degK_7","max_temp_degK_7","tot_precip_m_7","mean_wind_mps_7","precip_m_prev","air_temp_degK_prev","wind_speed_mps_prev","solar_rad_KJpm2_prev","RN","BG","RB","GB","med_Blue_corr_scaled","med_Red_corr_scaled","med_Green_corr_scaled","med_Nir_corr_scaled","med_Swir1_corr_scaled","med_Swir2_corr_scaled","tot_sol_rad_KJpm2_3_scaled","mean_temp_degK_3_scaled","min_temp_degK_3_scaled","max_temp_degK_3_scaled","tot_precip_m_3_scaled","mean_wind_mps_3_scaled","tot_sol_rad_KJpm2_5_scaled","mean_temp_degK_5_scaled","min_temp_degK_5_scaled","max_temp_degK_5_scaled","tot_precip_m_5_scaled","mean_wind_mps_5_scaled","tot_sol_rad_KJpm2_7_scaled","mean_temp_degK_7_scaled","min_temp_degK_7_scaled","max_temp_degK_7_scaled","tot_precip_m_7_scaled","mean_wind_mps_7_scaled","precip_m_prev_scaled","air_temp_degK_prev_scaled","wind_speed_mps_prev_scaled","RN_scaled","BG_scaled","RB_scaled","GB_scaled"
2006-01-25,"E",2006-01-26,"LANDSAT_7",1,"3.60",0.0261325,0.00886249999999999,0.0225575,0.0082575,0.003665,0.00330749999999999,0,1,21,0,42,48.3809523809524,"2_LE07_018050_20060125",31,9,NA,137.11593103,45.13627994,34900.296,291.514970355564,291.033001581828,291.845419565837,0.0139541178941727,0.72254473929649,60731.584,291.242177454631,290.318817774455,291.845419565837,0.016309770941632,0.712331474610071,70357.108,290.684984570458,288.554811477661,291.845419565837,0.037747639417546,0.854522468119488,0.00442962348461151,291.666489919027,0.704395524359278,11157.284,1.07326672721768,1.15848387454283,0.33913708983067,0.86319716827705,0.241473213856423,0.0950951458002763,0.133826103870842,0.0779477357513922,0.776781700538546,0.443827014610774,0.294186356585654,0.344449092176775,0.372877400508267,0.322009726413751,0.14465832477481,0.390861373820034,0.261639466998468,0.320659631998715,0.320340082043516,0.292437673017616,0.118873010900406,0.408938036606123,0.146666071384233,0.247146117994715,0.18972960061804,0.198776023695875,0.224559385628671,0.588723741088427,0.090550807414373,0.337326254396018,0.403230203200841,0.559545294079099,0.525957341139732,0.124550135749563,0.588379389334722
2006-02-26,"E",2006-02-25,"LANDSAT_7",-1,"3.82",0.0226125,0.0123275,0.03078,0.016755,0.00465499999999999,0.00121749999999998,0,1,25,0,204,212.64,"2_LE07_018050_20060226",4,9,NA,125.35155836,51.90507845,67394.352,293.147475984361,292.602914810181,293.559407552083,0.00070975752259983,0.426672276355371,110396.388,293.009051132202,292.602914810181,293.559407552083,0.000985010806914488,0.441167689666779,144582.5,292.460093361991,290.80003674825,293.559407552083,0.00706862145977993,0.647880652481231,0.000360071972863807,293.28010559082,0.671745754306859,24116.2,0.73575052223217,0.734649122807018,0.545163073521282,1.36119402985075,0.221719108337323,0.121375260987693,0.191985994942618,0.136693712207929,0.778768891762353,0.441097940364693,0.763578770798971,0.475150706909532,0.489010257181092,0.462342329680374,0.00735785199711456,0.218283353980367,0.749817894426086,0.463509353829343,0.489459100496497,0.419882705206069,0.00715263665605716,0.231984381827339,0.693872214132764,0.3943897440437,0.355970477441012,0.343091247325329,0.0419006722586215,0.420330316666737,0.00736062737236537,0.463725077860055,0.384183969969395,0.553582857391976,0.426309602495173,0.136622804528251,0.591859573857886
2006-09-22,"E",2006-09-22,"LANDSAT_7",0,"3.62",0.016755,0.00594749999999999,0.0176075,0.00666249999999998,0.0015475,0.00107999999999999,0,1,23,0,289,296.869565217391,"2_LE07_018050_20060922",33,9,NA,117.0824247,60.80893638,63020.062,294.866220262316,294.709631601969,295.11065864563,0.0188109438914807,0.243615843846293,104341.56,294.74560508728,294.134234110514,295.11065864563,0.0412657450931988,0.255431922131474,147547.65,294.916658038185,294.134234110514,295.520569483439,0.0516085308092507,0.258418881115722,0.00578352325152309,294.778370539347,0.216380096979438,21938.126,0.89268292682927,0.951583132187988,0.354968666069829,1.05088033422859,0.188847042121945,0.0729864774680052,0.0988134604162616,0.066920982889,0.772531319309848,0.440918396006398,0.700390028108026,0.612756757681282,0.644852653316337,0.589350865343709,0.195007642289658,0.111509251627972,0.690302177594007,0.603907760674028,0.602840980933159,0.535227297546229,0.300806740846956,0.110778584027355,0.715731961187664,0.598159502985782,0.602840980933159,0.508218147261836,0.307085253674909,0.10295601776693,0.118227362200096,0.581088171217212,0.118546555031274,0.55635516732183,0.477312931932834,0.125477831240957,0.589690988061146
2018-04-08,"E",2018-04-09,"LANDSAT_8",1,"2.70",0.0256502007448784,0.0263920653646837,0.0430233517917159,0.0430232139297256,0.065952950877816,0.128775059904886,0,1,25,0,110,117.32,"1_LC08_018050_20180408",27.54,9,9,103.20446507,64.10076244,66826.736,295.489287906223,294.870379765828,296.264406840007,0.000783491134484393,0.520018351187004,109957.352,295.61193707784,294.870379765828,296.56107711792,0.00104131400559027,0.423182886925519,156744.754,295.028732481457,293.468414306641,296.56107711792,0.0011435985562116,0.58937224295368,0,296.264406840007,0.142696929608198,24767.588,0.613437792160127,0.596192525144387,1.02892237090789,1.67731052944318,0.238766568862828,0.228047237277689,0.278586421401679,0.318294403831458,0.901810053400468,0.607659687555814,0.755379282111375,0.662640779953469,0.656743847770082,0.68381388896484,0.00812222713395292,0.272730735105709,0.74550240565331,0.673949714117246,0.657346647162683,0.643074394708552,0.00756309752930516,0.220248018963813,0.783535062911897,0.607455973992799,0.553542378493634,0.595827333069006,0.00662388922261495,0.372651528095414,0,0.697493361939954,0.0755635022033016,0.551422125852834,0.393757088098948,0.164970033656058,0.594068711774783
2018-04-08,"F",2018-04-09,"LANDSAT_8",1,"2.70",0.0419908674283714,0.0341334851132744,0.0481925253725841,0.0531491033453428,0.0797424219609404,0.154292061332468,0,1,15,0,56,63.3333333333333,"1_LC08_018050_20180408",27.54,9,9,103.20446507,64.10076244,66826.736,295.489287906223,294.870379765828,296.264406840007,0.000783491134484393,0.520018351187004,109957.352,295.61193707784,294.870379765828,296.56107711792,0.00104131400559027,0.423182886925519,156744.754,295.028732481457,293.468414306641,296.56107711792,0.0011435985562116,0.58937224295368,0,296.264406840007,0.142696929608198,24767.588,0.64222127872013,0.871314941554386,0.812878780642,1.1476906366555,0.330469765998671,0.286761639213362,0.315149336864665,0.388297965021378,0.929489160387662,0.640979204987988,0.755379282111375,0.662640779953469,0.656743847770082,0.68381388896484,0.00812222713395292,0.272730735105709,0.74550240565331,0.673949714117246,0.657346647162683,0.643074394708552,0.00756309752930516,0.220248018963813,0.783535062911897,0.607455973992799,0.553542378493634,0.595827333069006,0.00662388922261495,0.372651528095414,0,0.697493361939954,0.0755635022033016,0.551930604301316,0.458441087071197,0.152310355200376,0.590367533923552
2018-04-08,"R",2018-04-09,"LANDSAT_8",1,"2.60",0.0360911262711573,0.0321591171424889,0.0453106712675154,0.0460290340001572,0.0614162947306436,0.112776642590084,0.166666666666667,1,20,0,302,309.25,"1_LC08_018050_20180408",27.54,9,9,103.20446507,64.10076244,66826.736,295.489287906223,294.870379765828,296.264406840007,0.000783491134484393,0.520018351187004,109957.352,295.61193707784,294.870379765828,296.56107711792,0.00104131400559027,0.423182886925519,156744.754,295.028732481457,293.468414306641,296.56107711792,0.0011435985562116,0.58937224295368,0,296.264406840007,0.142696929608198,24767.588,0.698670259783837,0.796525967538074,0.891053299386483,1.25545185060423,0.297360644022823,0.271787146372211,0.294765229739636,0.339074613903852,0.892703787459973,0.586769319770219,0.755379282111375,0.662640779953469,0.656743847770082,0.68381388896484,0.00812222713395292,0.272730735105709,0.74550240565331,0.673949714117246,0.657346647162683,0.643074394708552,0.00756309752930516,0.220248018963813,0.783535062911897,0.607455973992799,0.553542378493634,0.595827333069006,0.00662388922261495,0.372651528095414,0,0.697493361939954,0.0755635022033016,0.552927811163308,0.440857460184184,0.156891209784003,0.591120608767832
2018-04-24,"B",2018-04-25,"LANDSAT_8",1,"2.30",0.031356892739528,0.0202407580708368,0.035579106064761,0.0249695268875627,0.0364437834112537,0.071845734571545,0,1,25,0,199,207.12,"1_LC08_018050_20180424",26.15,9,9,90.51007559,66.15407782,67304.79,295.801551818848,294.672707239787,296.418628056844,0.00210229256458661,0.777272642433845,108246.12,295.323268636068,294.124380111694,296.418628056844,0.0075297067428437,0.869829524995271,146262.522,294.589693523589,291.590730667114,296.418628056844,0.00767115750558745,0.840300984460157,0.000374495983123779,296.418628056844,0.760553814854791,23128.37,0.810618405466012,0.881328853019867,0.645496294513953,1.13465024612948,0.270792306313769,0.181392961885051,0.225931326164071,0.193483403662869,0.842577367934411,0.5333226753003,0.762285004228193,0.68764124358613,0.642121208301683,0.696440736417305,0.0217938620617959,0.422783348104276,0.728681911471479,0.650611199806985,0.60211137155921,0.63248247380845,0.0548646969330098,0.511716715705998,0.706257710976656,0.57103810009031,0.414515003949058,0.583833335287253,0.0454880901817699,0.577134584622902,0.00765548443634181,0.709573921581352,0.435990124539937,0.554905445780583,0.460795456618373,0.14250211024904,0.59027640289686
2018-04-24,"E",2018-04-25,"LANDSAT_8",1,"2.30",0.00890368665363864,0.0134758580956498,0.0293389926764693,0.0192658789536961,0.0453184720965983,0.0996950178159222,0,1,25,0,174,181.8,"1_LC08_018050_20180424",26.15,9,9,90.51007559,66.15407782,67304.79,295.801551818848,294.672707239787,296.418628056844,0.00210229256458661,0.777272642433845,108246.12,295.323268636068,294.124380111694,296.418628056844,0.0075297067428437,0.869829524995271,146262.522,294.589693523589,291.590730667114,296.418628056844,0.00767115750558745,0.840300984460157,0.000374495983123779,296.418628056844,0.760553814854791,23128.37,0.699467599066613,0.303476221962441,1.51351441485676,3.29515107817495,0.14478577158003,0.130084924199837,0.181793373602372,0.154052233643533,0.860391209822829,0.569687633039086,0.762285004228193,0.68764124358613,0.642121208301683,0.696440736417305,0.0217938620617959,0.422783348104276,0.728681911471479,0.650611199806985,0.60211137155921,0.63248247380845,0.0548646969330098,0.511716715705998,0.706257710976656,0.57103810009031,0.414515003949058,0.583833335287253,0.0454880901817699,0.577134584622902,0.00765548443634181,0.709573921581352,0.435990124539937,0.552941896664749,0.3249365924765,0.193366059897911,0.605374774268531
2018-04-24,"F",2018-04-25,"LANDSAT_8",1,"2.40",0.0228086761790049,0.0133197752952391,0.0287469902690657,0.0166298870015533,0.0264461802995763,0.0589572820693817,0,1,26,0,272,277.269230769231,"1_LC08_018050_20180424",26.15,9,9,90.51007559,66.15407782,67304.79,295.801551818848,294.672707239787,296.418628056844,0.00210229256458661,0.777272642433845,108246.12,295.323268636068,294.124380111694,296.418628056844,0.0075297067428437,0.869829524995271,146262.522,294.589693523589,291.590730667114,296.418628056844,0.00767115750558745,0.840300984460157,0.000374495983123779,296.418628056844,0.760553814854791,23128.37,0.800954047011563,0.793428319469988,0.583978447091979,1.26035329904534,0.222820041559027,0.128901122187263,0.177605985882235,0.135828765428152,0.822509540497412,0.516493228508194,0.762285004228193,0.68764124358613,0.642121208301683,0.696440736417305,0.0217938620617959,0.422783348104276,0.728681911471479,0.650611199806985,0.60211137155921,0.63248247380845,0.0548646969330098,0.511716715705998,0.706257710976656,0.57103810009031,0.414515003949058,0.583833335287253,0.0454880901817699,0.577134584622902,0.00765548443634181,0.709573921581352,0.435990124539937,0.554734718791612,0.44012917251113,0.138897299911046,0.591154861885315
2018-04-24,"P",2018-04-25,"LANDSAT_8",1,"2.20",0.0323440840165799,0.0206044299853121,0.0344347683057219,0.0219017144467627,0.0408047394817727,0.0876457694615038,0,1,26,0,43,50.4230769230769,"1_LC08_018050_20180424",26.15,9,9,90.51007559,66.15407782,67304.79,295.801551818848,294.672707239787,296.418628056844,0.00210229256458661,0.777272642433845,108246.12,295.323268636068,294.124380111694,296.418628056844,0.0075297067428437,0.869829524995271,146262.522,294.589693523589,291.590730667114,296.418628056844,0.00767115750558745,0.840300984460157,0.000374495983123779,296.418628056844,0.760553814854791,23128.37,0.94076790359933,0.939285658303831,0.637038599539565,1.06463884672295,0.276332386045138,0.184151212910401,0.217837126174405,0.172274620206522,0.851330957460413,0.553953999848327,0.762285004228193,0.68764124358613,0.642121208301683,0.696440736417305,0.0217938620617959,0.422783348104276,0.728681911471479,0.650611199806985,0.60211137155921,0.63248247380845,0.0548646969330098,0.511716715705998,0.706257710976656,0.57103810009031,0.414515003949058,0.583833335287253,0.0454880901817699,0.577134584622902,0.00765548443634181,0.709573921581352,0.435990124539937,0.557204618771445,0.474421674293912,0.142006507955447,0.589787137587256
2018-04-24,"R",2018-04-25,"LANDSAT_8",1,"2.70",0.0252094258241373,0.00973160554519747,0.0255789645202233,0.0112468523079991,0.0108172645989205,0.0265537558352644,0,1,24,0,144,151.416666666667,"1_LC08_018050_20180424",26.15,9,9,90.51007559,66.15407782,67304.79,295.801551818848,294.672707239787,296.418628056844,0.00210229256458661,0.777272642433845,108246.12,295.323268636068,294.124380111694,296.418628056844,0.0075297067428437,0.869829524995271,146262.522,294.589693523589,291.590730667114,296.418628056844,0.00767115750558745,0.840300984460157,0.000374495983123779,296.418628056844,0.760553814854791,23128.37,0.865273703138794,0.985553023626354,0.386030432152078,1.01465875100305,0.236292956847347,0.101686832333555,0.155197711943013,0.0986140988353592,0.791138182802504,0.474181444332232,0.762285004228193,0.68764124358613,0.642121208301683,0.696440736417305,0.0217938620617959,0.422783348104276,0.728681911471479,0.650611199806985,0.60211137155921,0.63248247380845,0.0548646969330098,0.511716715705998,0.706257710976656,0.57103810009031,0.414515003949058,0.583833335287253,0.0454880901817699,0.577134584622902,0.00765548443634181,0.709573921581352,0.435990124539937,0.555870966093908,0.485299589114603,0.127297982305763,0.589437858366818
2018-05-10,"B",2018-05-10,"LANDSAT_8",0,"4.40",0.0208872448906372,0.00781586701869164,0.0287639087525211,0.0195832504426109,0.0128731124245622,0.0305591566668125,0,1,25,0,186,193.16,"1_LC08_018050_20180510",47.87,9,9,78.70537524,66.60471504,59391.816,294.551749547323,294.162932078044,295.309427897135,0.00201724469661713,0.889149255354262,110582.204,294.827643076579,294.162932078044,295.4112256368,0.00221991089932772,0.914508188706313,150556.09,295.10582833063,294.162932078044,295.867059071859,0.00613948849769486,0.943391772883775,3.48389148712158e-05,295.309427897135,0.796010039164086,21054.884,0.399109792401225,0.726161561363126,0.374193296416759,1.37710401267018,0.212037042576607,0.0871570115123304,0.177725654736582,0.156246325790137,0.795264811849572,0.479411605219606,0.647978253188335,0.587579613106267,0.604411069470524,0.605625078895314,0.0209121952879132,0.488039317288596,0.75164436620016,0.610540438550026,0.60496583466063,0.55757621140784,0.016155289830787,0.54087272131329,0.73791085177662,0.613851003097329,0.60496583466063,0.537392052119612,0.0363687405769166,0.661143771414866,0.000712180590966384,0.622687311824053,0.456673501991511,0.547635886525762,0.424314092922098,0.126604352228328,0.591970758646876
2018-05-10,"E",2018-05-10,"LANDSAT_8",0,"3.90",0.0210079690706395,0.00876505747373293,0.0293051719825111,0.0157764834603016,0.0179438325931028,0.0404477307533715,0,1,25,0,491,498.56,"1_LC08_018050_20180510",47.87,9,9,78.70537524,66.60471504,59391.816,294.551749547323,294.162932078044,295.309427897135,0.00201724469661713,0.889149255354262,110582.204,294.827643076579,294.162932078044,295.4112256368,0.00221991089932772,0.914508188706313,150556.09,295.10582833063,294.162932078044,295.867059071859,0.00613948849769486,0.943391772883775,3.48389148712158e-05,295.309427897135,0.796010039164086,21054.884,0.5555773880655,0.716868991015536,0.41722536073146,1.39495502320915,0.212714542062537,0.0943560979461778,0.181554150996524,0.129928909665599,0.805443085200384,0.492323879320131,0.647978253188335,0.587579613106267,0.604411069470524,0.605625078895314,0.0209121952879132,0.488039317288596,0.75164436620016,0.610540438550026,0.60496583466063,0.55757621140784,0.016155289830787,0.54087272131329,0.73791085177662,0.613851003097329,0.60496583466063,0.537392052119612,0.0363687405769166,0.661143771414866,0.000712180590966384,0.622687311824053,0.456673501991511,0.550399985312588,0.422129317800331,0.12912593639955,0.592095508048718
2018-05-10,"F",2018-05-10,"LANDSAT_8",0,"4.45",0.0235236273367245,0.00959367676585479,0.0283408738021704,0.0174480150646714,0.0156648867521081,0.0363554056982006,0,1,26,0,227,233.615384615385,"1_LC08_018050_20180510",47.87,9,9,78.70537524,66.60471504,59391.816,294.551749547323,294.162932078044,295.309427897135,0.00201724469661713,0.889149255354262,110582.204,294.827643076579,294.162932078044,295.4112256368,0.00221991089932772,0.914508188706313,150556.09,295.10582833063,294.162932078044,295.867059071859,0.00613948849769486,0.943391772883775,3.48389148712158e-05,295.309427897135,0.796010039164086,21054.884,0.549843448111183,0.830024772733825,0.407831523111973,1.20478331834161,0.226832320141582,0.100640718564786,0.174733417992046,0.141484750357175,0.800868639569318,0.486980214767662,0.647978253188335,0.587579613106267,0.604411069470524,0.605625078895314,0.0209121952879132,0.488039317288596,0.75164436620016,0.610540438550026,0.60496583466063,0.55757621140784,0.016155289830787,0.54087272131329,0.73791085177662,0.613851003097329,0.60496583466063,0.537392052119612,0.0363687405769166,0.661143771414866,0.000712180590966384,0.622687311824053,0.456673501991511,0.550298691645972,0.448733360334845,0.128575478209232,0.590766518500607
2018-05-10,"P",2018-05-10,"LANDSAT_8",0,"3.40",0.0365561421696542,0.0161386735122818,0.0348892721440649,0.0212103769340627,0.020224077497347,0.0441996504249714,0,1,26,0,359,367.076923076923,"1_LC08_018050_20180510",47.87,9,9,78.70537524,66.60471504,59391.816,294.551749547323,294.162932078044,295.309427897135,0.00201724469661713,0.889149255354262,110582.204,294.827643076579,294.162932078044,295.4112256368,0.00221991089932772,0.914508188706313,150556.09,295.10582833063,294.162932078044,295.867059071859,0.00613948849769486,0.943391772883775,3.48389148712158e-05,295.309427897135,0.796010039164086,21054.884,0.760885747690979,1.04777600457546,0.441476385483552,0.954402463535307,0.299970295479347,0.15028091146446,0.221051950586656,0.16749517951872,0.810020138394166,0.497223050300577,0.647978253188335,0.587579613106267,0.604411069470524,0.605625078895314,0.0209121952879132,0.488039317288596,0.75164436620016,0.610540438550026,0.60496583466063,0.55757621140784,0.016155289830787,0.54087272131329,0.73791085177662,0.613851003097329,0.60496583466063,0.537392052119612,0.0363687405769166,0.661143771414866,0.000712180590966384,0.622687311824053,0.456673501991511,0.554026887006557,0.49992882684914,0.130546993026152,0.589016765353489
2018-05-10,"R",2018-05-10,"LANDSAT_8",0,"3.60",0.0541874679517403,0.0352355115706996,0.0455775061840844,0.0423620114354975,0.0402131476407275,0.0626267904029617,0,1,24,0,180,188.041666666667,"1_LC08_018050_20180510",47.87,9,9,78.70537524,66.60471504,59391.816,294.551749547323,294.162932078044,295.309427897135,0.00201724469661713,0.889149255354262,110582.204,294.827643076579,294.162932078044,295.4112256368,0.00221991089932772,0.914508188706313,150556.09,295.10582833063,294.162932078044,295.867059071859,0.00613948849769486,0.943391772883775,3.48389148712158e-05,295.309427897135,0.796010039164086,21054.884,0.831771447499629,1.18890813667779,0.650252039864283,0.841107878018512,0.398916622167121,0.295119902486296,0.296652622829548,0.313723296310549,0.850143476536574,0.52128478864645,0.647978253188335,0.587579613106267,0.604411069470524,0.605625078895314,0.0209121952879132,0.488039317288596,0.75164436620016,0.610540438550026,0.60496583466063,0.55757621140784,0.016155289830787,0.54087272131329,0.73791085177662,0.613851003097329,0.60496583466063,0.537392052119612,0.0363687405769166,0.661143771414866,0.000712180590966384,0.622687311824053,0.456673501991511,0.555279127612752,0.533110385832885,0.142780786449886,0.588225021281392
2018-06-11,"A",2018-06-12,"LANDSAT_8",1,"3.30",0.0199184047731178,0.0161193060675339,0.0190809865657541,0.0242882287325946,0.0200769257211791,0.0281728787205358,0,1,25,0,30,36.84,"1_LC08_018050_20180611",25.02,9,9,66.12604515,64.86717069,44543.952,294.258544286092,293.751815160116,294.97448794047,0.0120375734255731,0.51624387767767,81441.88,294.783382797241,293.751815160116,295.720010757446,0.0186597127661798,0.413849051934841,118771.044,294.688840684437,293.751815160116,295.720010757446,0.0469041814289426,0.382370940628425,0.000626001923023978,294.04932975769,0.534296101548327,17448.292,0.663667418690846,1.04388757386721,0.809266919271004,0.95795756653696,0.206599948851432,0.150134020070849,0.109235815923709,0.188773368314633,0.809724765951572,0.476295658000861,0.433493649331217,0.564105022627044,0.573999081570026,0.57820190181707,0.124790059773278,0.270529140683223,0.465210586152396,0.60696204544143,0.574525932790482,0.580536191265247,0.136004527334139,0.214157027812292,0.503584404315829,0.579262265023388,0.574525932790482,0.525010804089209,0.279076195293927,0.203965156217419,0.012796794077351,0.523980460459572,0.304002757672426,0.552309463893448,0.499014618362539,0.152098708080796,0.589041609715772
2018-06-11,"B",2018-06-12,"LANDSAT_8",1,"3.40",0.00967550912470738,0.00599003506298789,0.0115181544023621,0.012068135962618,0.00898258173925913,0.0165858113559256,0,1,25,0,213,220.44,"1_LC08_018050_20180611",25.02,9,9,66.12604515,64.86717069,44543.952,294.258544286092,293.751815160116,294.97448794047,0.0120375734255731,0.51624387767767,81441.88,294.783382797241,293.751815160116,295.720010757446,0.0186597127661798,0.413849051934841,118771.044,294.688840684437,293.751815160116,295.720010757446,0.0469041814289426,0.382370940628425,0.000626001923023978,294.04932975769,0.534296101548327,17448.292,0.496351307405095,0.840022523289249,0.619092492785908,1.19044427057067,0.149117209800344,0.073309082476613,0.0557419278340763,0.10429189939298,0.787455490199284,0.461165530186329,0.433493649331217,0.564105022627044,0.573999081570026,0.57820190181707,0.124790059773278,0.270529140683223,0.465210586152396,0.60696204544143,0.574525932790482,0.580536191265247,0.136004527334139,0.214157027812292,0.503584404315829,0.579262265023388,0.574525932790482,0.525010804089209,0.279076195293927,0.203965156217419,0.012796794077351,0.523980460459572,0.304002757672426,0.549353719234255,0.451083930292358,0.140954905634114,0.59066631198129
2018-06-11,"D",2018-06-12,"LANDSAT_8",1,"3.35",0.0140543637481019,0.0102631496933382,0.0145010409111911,0.0182152660424409,0.0150769825744809,0.0245939133354141,0,1,27,0,78,85.4074074074074,"1_LC08_018050_20180611",25.02,9,9,66.12604515,64.86717069,44543.952,294.258544286092,293.751815160116,294.97448794047,0.0120375734255731,0.51624387767767,81441.88,294.783382797241,293.751815160116,295.720010757446,0.0186597127661798,0.413849051934841,118771.044,294.688840684437,293.751815160116,295.720010757446,0.0469041814289426,0.382370940628425,0.000626001923023978,294.04932975769,0.534296101548327,17448.292,0.563436716731199,0.969196889669867,0.730246482678683,1.03178209779504,0.173691174653564,0.105718301724706,0.076840663551068,0.14678900547648,0.799688560758995,0.471622326775907,0.433493649331217,0.564105022627044,0.573999081570026,0.57820190181707,0.124790059773278,0.270529140683223,0.465210586152396,0.60696204544143,0.574525932790482,0.580536191265247,0.136004527334139,0.214157027812292,0.503584404315829,0.579262265023388,0.574525932790482,0.525010804089209,0.279076195293927,0.203965156217419,0.012796794077351,0.523980460459572,0.304002757672426,0.550538825311617,0.481454100383308,0.147468284574803,0.589557522587797
2018-06-11,"E",2018-06-12,"LANDSAT_8",1,"3.38",0.012226246912986,0.00686433312009771,0.0119986555744141,0.0115099781103917,0.00927607422192827,0.0172672462847567,0,1,25,0,310,318.28,"1_LC08_018050_20180611",25.02,9,9,66.12604515,64.86717069,44543.952,294.258544286092,293.751815160116,294.97448794047,0.0120375734255731,0.51624387767767,81441.88,294.783382797241,293.751815160116,295.720010757446,0.0186597127661798,0.413849051934841,118771.044,294.688840684437,293.751815160116,295.720010757446,0.0469041814289426,0.382370940628425,0.000626001923023978,294.04932975769,0.534296101548327,17448.292,0.596381075121272,1.01896806997754,0.561442376303297,0.981385020260783,0.163431852817734,0.0799401513507777,0.059140638180857,0.100433172938621,0.788044607053641,0.462055332346451,0.433493649331217,0.564105022627044,0.573999081570026,0.57820190181707,0.124790059773278,0.270529140683223,0.465210586152396,0.60696204544143,0.574525932790482,0.580536191265247,0.136004527334139,0.214157027812292,0.503584404315829,0.579262265023388,0.574525932790482,0.525010804089209,0.279076195293927,0.203965156217419,0.012796794077351,0.523980460459572,0.304002757672426,0.551120808185913,0.493155796733167,0.137576735808736,0.589205329345669
2018-06-11,"F",2018-06-12,"LANDSAT_8",1,"3.30",0.0148993141012705,0.00939654919734233,0.0141414275535639,0.0138322268153203,0.0139381644237666,0.026383328297831,0,1,26,0,348,355.692307692308,"1_LC08_018050_20180611",25.02,9,9,66.12604515,64.86717069,44543.952,294.258544286092,293.751815160116,294.97448794047,0.0120375734255731,0.51624387767767,81441.88,294.783382797241,293.751815160116,295.720010757446,0.0186597127661798,0.413849051934841,118771.044,294.688840684437,293.751815160116,295.720010757446,0.0469041814289426,0.382370940628425,0.000626001923023978,294.04932975769,0.534296101548327,17448.292,0.679322955211731,1.05359335504396,0.630669917653529,0.9491327894321,0.178433003754386,0.0991456146089066,0.074297024304178,0.116487632220287,0.797402652239185,0.47395890394791,0.433493649331217,0.564105022627044,0.573999081570026,0.57820190181707,0.124790059773278,0.270529140683223,0.465210586152396,0.60696204544143,0.574525932790482,0.580536191265247,0.136004527334139,0.214157027812292,0.503584404315829,0.579262265023388,0.574525932790482,0.525010804089209,0.279076195293927,0.203965156217419,0.012796794077351,0.523980460459572,0.304002757672426,0.552586028822568,0.501296543433764,0.141633317226832,0.58897993894017
2018-06-11,"G",2018-06-12,"LANDSAT_8",1,"3.40",0.0183324875966248,0.0123427829692555,0.0153568320794528,0.018979848506111,0.0168409546496559,0.028513760826027,0,1,25,0,210,216.84,"1_LC08_018050_20180611",25.02,9,9,66.12604515,64.86717069,44543.952,294.258544286092,293.751815160116,294.97448794047,0.0120375734255731,0.51624387767767,81441.88,294.783382797241,293.751815160116,295.720010757446,0.0186597127661798,0.413849051934841,118771.044,294.688840684437,293.751815160116,295.720010757446,0.0469041814289426,0.382370940628425,0.000626001923023978,294.04932975769,0.534296101548327,17448.292,0.650309878146891,1.19376753628461,0.673273766268792,0.837684029431999,0.197699842246604,0.121491173885944,0.0828938981058005,0.152074812291408,0.803229318159831,0.476740774065476,0.433493649331217,0.564105022627044,0.573999081570026,0.57820190181707,0.124790059773278,0.270529140683223,0.465210586152396,0.60696204544143,0.574525932790482,0.580536191265247,0.136004527334139,0.214157027812292,0.503584404315829,0.579262265023388,0.574525932790482,0.525010804089209,0.279076195293927,0.203965156217419,0.012796794077351,0.523980460459572,0.304002757672426,0.552073494512978,0.534252878703057,0.144129808901406,0.588201094173051
2018-06-11,"H",2018-06-12,"LANDSAT_8",1,"3.40",0.0115917360883131,0.0073007437198248,0.0120329698003068,0.0124940591522863,0.0103768636609834,0.0216970525014088,0,1,23,0,228,235.130434782609,"1_LC08_018050_20180611",25.02,9,9,66.12604515,64.86717069,44543.952,294.258544286092,293.751815160116,294.97448794047,0.0120375734255731,0.51624387767767,81441.88,294.783382797241,293.751815160116,295.720010757446,0.0186597127661798,0.413849051934841,118771.044,294.688840684437,293.751815160116,295.720010757446,0.0469041814289426,0.382370940628425,0.000626001923023978,294.04932975769,0.534296101548327,17448.292,0.584337214258252,0.963331270724003,0.629823148508831,1.03806450635454,0.159871002311029,0.0832500852122026,0.0593833516670391,0.107236444691308,0.790254181914802,0.467839672088555,0.433493649331217,0.564105022627044,0.573999081570026,0.57820190181707,0.124790059773278,0.270529140683223,0.465210586152396,0.60696204544143,0.574525932790482,0.580536191265247,0.136004527334139,0.214157027812292,0.503584404315829,0.579262265023388,0.574525932790482,0.525010804089209,0.279076195293927,0.203965156217419,0.012796794077351,0.523980460459572,0.304002757672426,0.550908045785756,0.480075035402647,0.141583698420346,0.58960142636054
2018-10-01,"R",2018-10-01,"LANDSAT_8",0,"2.50",0.0211888966595232,0.00935711147820468,0.0237454335137776,0.0167423574528716,0.0354096710368758,0.080726622563547,0,1,13,2,9,14.4615384615385,"1_LC08_018050_20181001",51.5,9,9,127.22715492,61.66513848,53097.8711875,294.017075008816,293.796938578288,294.361640930176,0.0296488539700768,0.643553060431293,91552.534375,294.193601608276,293.796938578288,294.529682159424,0.0389534080477638,0.577037174295323,133204.0908125,294.392385301136,293.796938578288,295.078900655111,0.0437515491688991,0.589734405575773,0.0077353358268688,293.796938578288,0.743966254328803,17574.33775,0.558888525976357,0.892335642018452,0.441604469952389,1.12065455296396,0.21372990077905,0.0988465012462323,0.142228668025518,0.136606310174866,0.840501631535629,0.544919135922935,0.557059164772141,0.544772516881516,0.577337044051338,0.528025111169261,0.307361137359701,0.344786698985967,0.564592904323866,0.559278908919519,0.577866959056499,0.492028297565238,0.28394937030255,0.320648883552592,0.609988044115766,0.55467156624076,0.577866959056499,0.47103029283007,0.260305850260679,0.372946656184293,0.158126510566333,0.504209985564729,0.426313776252905,0.550458478652654,0.463383261485612,0.130554498493862,0.590178595865322
2018-11-02,"B",2018-11-02,"LANDSAT_8",0,"4.50",0.0202217491406153,0.00757820324187621,0.027274152464234,0.00703001520002073,0.00179877212418896,0.00943193149334149,0,1,25,0,271,278.2,"1_LC08_018050_20181102",54.41,9,9,144.22320308,54.23216369,48825.668,294.099997838338,293.252646128337,295.029630661011,0.00665967890775576,0.659988803521,78523.844,293.784493891398,293.252646128337,295.029630661011,0.0362532720154896,0.788953922812085,110492.912,293.98947979155,293.252646128337,295.029630661011,0.0395159855668972,0.745736978556825,0.000112178921597206,295.029630661011,0.275125746026598,19313.232,1.07797821573044,0.741425390473017,0.374755081233572,1.34875337808706,0.208302305852617,0.0853544627589145,0.167188219230316,0.0694617347910698,0.773035688764369,0.451824157319085,0.495345115649112,0.551411481872237,0.537073521242136,0.582716706813851,0.0690389748488791,0.354373424187831,0.436527854903579,0.526203016569854,0.537566479940548,0.529202392943165,0.264264872445195,0.458939633428058,0.442556169114549,0.521250928322945,0.537566479940548,0.466881833054496,0.235087878844393,0.500073914535822,0.00229317276305517,0.600770047339841,0.152815811178822,0.559628525495974,0.427902769989347,0.126637271581008,0.591772634025395
2018-11-02,"E",2018-11-02,"LANDSAT_8",0,"2.00",0.0285582863351837,0.0263167742558699,0.053934426126121,0.0353895438459492,0.00414307839343518,0.0135195974518049,0,1,25,0,9,15.72,"1_LC08_018050_20181102",54.41,9,9,144.22320308,54.23216369,48825.668,294.099997838338,293.252646128337,295.029630661011,0.00665967890775576,0.659988803521,78523.844,293.784493891398,293.252646128337,295.029630661011,0.0362532720154896,0.788953922812085,110492.912,293.98947979155,293.252646128337,295.029630661011,0.0395159855668972,0.745736978556825,0.000112178921597206,295.029630661011,0.275125746026598,19313.232,0.743631349712415,0.529500142791964,0.921510973977726,1.88857361723676,0.25508663409279,0.227476195715723,0.355763301275811,0.265520364052877,0.777741330021098,0.457161738129529,0.495345115649112,0.551411481872237,0.537073521242136,0.582716706813851,0.0690389748488791,0.354373424187831,0.436527854903579,0.526203016569854,0.537566479940548,0.529202392943165,0.264264872445195,0.458939633428058,0.442556169114549,0.521250928322945,0.537566479940548,0.466881833054496,0.235087878844393,0.500073914535822,0.00229317276305517,0.600770047339841,0.152815811178822,0.553722077181127,0.378077049926005,0.158675962418221,0.595545095634174
2018-12-04,"B",2018-12-04,"LANDSAT_8",0,"4.70",0.0132370634760726,0.00583086021900074,0.0137131767575953,0.00919757408321377,0.00384996440994384,0.00858042349685544,0,1,25,0,427,434.44,"1_LC08_018050_20181204",41.59,9,9,148.7786919,47.21777608,62397.492,295.122174157037,294.954066594442,295.408690770467,0,0.704644250988346,95290.712,294.727668507894,293.590567906698,295.408690770467,0.00327831506712073,0.580162925588384,123819.16,294.329458145868,292.927118301392,295.408690770467,0.0091043439744567,0.680346822319185,0,294.954066594442,0.574411137572466,20907.712,0.633956320030352,0.965280599095392,0.440494995702078,1.03596819508974,0.16910451675173,0.0721018290177612,0.071267894520665,0.084446773110601,0.777152972914462,0.45071227763318,0.691396702211228,0.633248930416899,0.662934502321755,0.613752217203276,0,0.380420284454453,0.601337188554155,0.602457608686136,0.562586870307692,0.557387729269111,0.0238712546281566,0.322688658573996,0.540800241242728,0.549451817139856,0.513463762012642,0.498798127044955,0.0540210881018272,0.44678715697267,0,0.594850912271036,0.327403851492595,0.551784598592015,0.480533341766835,0.130489485746913,0.589586776569382
2018-12-04,"E",2018-12-04,"LANDSAT_8",0,"5.60",0.017657217089621,0.00638768737946847,0.0139187560842915,0.00999295564711533,0.00355687205497695,0.00789923921563202,0,1,25,0,183,189.56,"1_LC08_018050_20181204",41.59,9,9,148.7786919,47.21777608,62397.492,295.122174157037,294.954066594442,295.408690770467,0,0.704644250988346,95290.712,294.727668507894,293.590567906698,295.408690770467,0.00327831506712073,0.580162925588384,123819.16,294.329458145868,292.927118301392,295.408690770467,0.0091043439744567,0.680346822319185,0,294.954066594442,0.574411137572466,20907.712,0.639219026386093,1.2685916027761,0.361760709348881,0.78827575226863,0.193910249959874,0.0763250561221116,0.0727220108170785,0.0899455041052376,0.776564659221982,0.449822802762977,0.691396702211228,0.633248930416899,0.662934502321755,0.613752217203276,0,0.380420284454453,0.601337188554155,0.602457608686136,0.562586870307692,0.557387729269111,0.0238712546281566,0.322688658573996,0.540800241242728,0.549451817139856,0.513463762012642,0.498798127044955,0.0540210881018272,0.44678715697267,0,0.594850912271036,0.327403851492595,0.551877567619829,0.551844756177784,0.125875830014557,0.587855811030188
2018-12-04,"F",2018-12-04,"LANDSAT_8",0,"4.70",0.0192796599112228,0.00864653682392205,0.0191833230152292,0.00987712870540629,0.00377668929352799,0.00875072263882321,0,1,26,0,318,325.423076923077,"1_LC08_018050_20181204",41.59,9,9,148.7786919,47.21777608,62397.492,295.122174157037,294.954066594442,295.408690770467,0,0.704644250988346,95290.712,294.727668507894,293.590567906698,295.408690770467,0.00327831506712073,0.580162925588384,123819.16,294.329458145868,292.927118301392,295.408690770467,0.0091043439744567,0.680346822319185,0,294.954066594442,0.574411137572466,20907.712,0.875409957874633,1.00502190866083,0.448479737907039,0.99500318488826,0.203015337089598,0.0934571841426808,0.109959668371765,0.0891447548506719,0.777005890421265,0.450934650361636,0.691396702211228,0.633248930416899,0.662934502321755,0.613752217203276,0,0.380420284454453,0.601337188554155,0.602457608686136,0.562586870307692,0.557387729269111,0.0238712546281566,0.322688658573996,0.540800241242728,0.549451817139856,0.513463762012642,0.498798127044955,0.0540210881018272,0.44678715697267,0,0.594850912271036,0.327403851492595,0.556050029428392,0.489876916385835,0.130957374050111,0.589300498069465
2018-12-04,"P",2018-12-04,"LANDSAT_8",0,"6.10",0.0170719687146089,0.00674522660939867,0.0153739417093809,0.011477103600022,0.00505919899444459,0.00968738988202798,0,1,26,0,162,169.615384615385,"1_LC08_018050_20181204",41.59,9,9,148.7786919,47.21777608,62397.492,295.122174157037,294.954066594442,295.408690770467,0,0.704644250988346,95290.712,294.727668507894,293.590567906698,295.408690770467,0.00327831506712073,0.580162925588384,123819.16,294.329458145868,292.927118301392,295.408690770467,0.0091043439744567,0.680346822319185,0,294.954066594442,0.574411137572466,20907.712,0.587711572925572,1.11044838320103,0.39510537549349,0.900537129981092,0.190625858438604,0.0790367941153543,0.083014918989096,0.100205900774784,0.779580225797132,0.452157729046123,0.691396702211228,0.633248930416899,0.662934502321755,0.613752217203276,0,0.380420284454453,0.601337188554155,0.602457608686136,0.562586870307692,0.557387729269111,0.0238712546281566,0.322688658573996,0.540800241242728,0.549451817139856,0.513463762012642,0.498798127044955,0.0540210881018272,0.44678715697267,0,0.594850912271036,0.327403851492595,0.550967655960368,0.51466372241855,0.127829753993895,0.588640334667605
2018-12-04,"R",2018-12-04,"LANDSAT_8",0,"5.50",0.0204943068301716,0.00963309007412211,0.0193197580132556,0.0130825063918484,0.00601218847748983,0.0118163172959132,0,1,24,0,54,61.2083333333333,"1_LC08_018050_20181204",41.59,9,9,148.7786919,47.21777608,62397.492,295.122174157037,294.954066594442,295.408690770467,0,0.704644250988346,95290.712,294.727668507894,293.590567906698,295.408690770467,0.00327831506712073,0.580162925588384,123819.16,294.329458145868,292.927118301392,295.408690770467,0.0091043439744567,0.680346822319185,0,294.954066594442,0.574411137572466,20907.712,0.73633367992271,1.06079521369316,0.470037369594776,0.942689019606809,0.209831889193395,0.100939646784464,0.11092470876381,0.111304571514636,0.781493127147726,0.454937633819813,0.691396702211228,0.633248930416899,0.662934502321755,0.613752217203276,0,0.380420284454453,0.601337188554155,0.602457608686136,0.562586870307692,0.557387729269111,0.0238712546281566,0.322688658573996,0.540800241242728,0.549451817139856,0.513463762012642,0.498798127044955,0.0540210881018272,0.44678715697267,0,0.594850912271036,0.327403851492595,0.553593159240471,0.502989771573956,0.132220603776561,0.588934907515783
2018-12-20,"B",2018-12-19,"LANDSAT_8",-1,"3.60",0.0198576724271704,0.0124992726175053,0.0179547085389113,0.0136043104731344,0.00575559191251205,0.00994285103521007,0,1,25,0,987,994.48,"1_LC08_018050_20181220",15.02,9,9,147.64224413,45.31991979,45366.412,290.932051340739,289.004987716675,293.054763793945,0.00036258399467215,0.552757766804749,53043.564,290.573410161336,288.789795557658,293.054763793945,0.00816876267623456,0.779818626215434,92495.564,291.293450400943,288.789795557658,293.365804036458,0.00818501048206599,0.688022152265271,3.33368777774012e-05,293.054763793945,0.37000994288776,18454.168,0.918772961127922,1.10598689943282,0.629442985493259,0.904169841896709,0.206259121246243,0.122678061615134,0.101269357138946,0.114911972547193,0.780978070135622,0.452491304382977,0.445374483321098,0.297779448193864,0.222856979456463,0.421024670005957,0.00375880393567088,0.291827150709423,0.186070347393524,0.266590559020081,0.207128282171224,0.382359490040217,0.059523534488304,0.452978202698643,0.309875706089403,0.297617793666009,0.207128282171224,0.326790121018099,0.0485475011340419,0.453041820817912,0.000681475798090928,0.446073453312667,0.208166477982743,0.55681606423692,0.513614783494402,0.141561421705115,0.588665721389412
2018-12-20,"E",2018-12-19,"LANDSAT_8",-1,"3.50",0.0164228937118126,0.0108135974796905,0.0153568320794528,0.012068135962618,0.00355687205497695,0.00449361268905345,0,1,25,0,803,810.52,"1_LC08_018050_20181220",15.02,9,9,147.64224413,45.31991979,45366.412,290.932051340739,289.004987716675,293.054763793945,0.00036258399467215,0.552757766804749,53043.564,290.573410161336,288.789795557658,293.054763793945,0.00816876267623456,0.779818626215434,92495.564,291.293450400943,288.789795557658,293.365804036458,0.00818501048206599,0.688022152265271,3.33368777774012e-05,293.054763793945,0.37000994288776,18454.168,0.896045380428798,1.06941937157639,0.658446536246687,0.935086857951653,0.186983274320692,0.109893144792526,0.0828938981058005,0.10429189939298,0.776564659221982,0.44537581345893,0.445374483321098,0.297779448193864,0.222856979456463,0.421024670005957,0.00375880393567088,0.291827150709423,0.186070347393524,0.266590559020081,0.207128282171224,0.382359490040217,0.059523534488304,0.452978202698643,0.309875706089403,0.297617793666009,0.207128282171224,0.326790121018099,0.0485475011340419,0.453041820817912,0.000681475798090928,0.446073453312667,0.208166477982743,0.556414567185909,0.505017396319823,0.143260965885803,0.588881780824881
2018-12-20,"F",2018-12-19,"LANDSAT_8",-1,"6.00",0.0187303077462106,0.0114809263190623,0.0170153353337113,0.0129191993925052,0.00428964349587751,0.0060260838071091,0,1,26,0,886,893.269230769231,"1_LC08_018050_20181220",15.02,9,9,147.64224413,45.31991979,45366.412,290.932051340739,289.004987716675,293.054763793945,0.00036258399467215,0.552757766804749,53043.564,290.573410161336,288.789795557658,293.054763793945,0.00816876267623456,0.779818626215434,92495.564,291.293450400943,288.789795557658,293.365804036458,0.00818501048206599,0.688022152265271,3.33368777774012e-05,293.054763793945,0.37000994288776,18454.168,0.888671656056545,1.10078980983123,0.612959833582289,0.908438642026784,0.19993239372744,0.114954466225881,0.0946249249966318,0.110175577205886,0.778035524854724,0.447376879229816,0.445374483321098,0.297779448193864,0.222856979456463,0.421024670005957,0.00375880393567088,0.291827150709423,0.186070347393524,0.266590559020081,0.207128282171224,0.382359490040217,0.059523534488304,0.452978202698643,0.309875706089403,0.297617793666009,0.207128282171224,0.326790121018099,0.0485475011340419,0.453041820817912,0.000681475798090928,0.446073453312667,0.208166477982743,0.556284305693073,0.512392896369265,0.140595545314743,0.588695553328711
2018-12-20,"P",2018-12-19,"LANDSAT_8",-1,"4.50",0.0159888811474697,0.00961338392854826,0.0120158128088004,0.0121664954220192,0.00417971916212724,0.00577066504286061,0,1,26,0,589,595.923076923077,"1_LC08_018050_20181220",15.02,9,9,147.64224413,45.31991979,45366.412,290.932051340739,289.004987716675,293.054763793945,0.00036258399467215,0.552757766804749,53043.564,290.573410161336,288.789795557658,293.054763793945,0.00816876267623456,0.779818626215434,92495.564,291.293450400943,288.789795557658,293.365804036458,0.00818501048206599,0.688022152265271,3.33368777774012e-05,293.054763793945,0.37000994288776,18454.168,0.790152266128317,1.33065331508489,0.601254324169494,0.751510546483858,0.184547612390964,0.100790186531771,0.0592619957829246,0.104971890271033,0.777814877711985,0.447043359243463,0.445374483321098,0.297779448193864,0.222856979456463,0.421024670005957,0.00375880393567088,0.291827150709423,0.186070347393524,0.266590559020081,0.207128282171224,0.382359490040217,0.059523534488304,0.452978202698643,0.309875706089403,0.297617793666009,0.207128282171224,0.326790121018099,0.0485475011340419,0.453041820817912,0.000681475798090928,0.446073453312667,0.208166477982743,0.554543898517879,0.566436078061257,0.139909628249841,0.587598882302246
2018-12-20,"R",2018-12-19,"LANDSAT_8",-1,"5.50",0.0143990682454925,0.00955425938910908,0.0107798711319888,0.0134576729499295,0.00575559191251205,0.0105389378101181,0,1,24,0,302,309.75,"1_LC08_018050_20181220",15.02,9,9,147.64224413,45.31991979,45366.412,290.932051340739,289.004987716675,293.054763793945,0.00036258399467215,0.552757766804749,53043.564,290.573410161336,288.789795557658,293.054763793945,0.00816876267623456,0.779818626215434,92495.564,291.293450400943,288.789795557658,293.365804036458,0.00818501048206599,0.688022152265271,3.33368777774012e-05,293.054763793945,0.37000994288776,18454.168,0.709948846628728,1.33573658434226,0.663533169384065,0.748650603511331,0.175625643123553,0.100341759487943,0.0505198573463869,0.11389821973921,0.780978070135622,0.453269660873805,0.445374483321098,0.297779448193864,0.222856979456463,0.421024670005957,0.00375880393567088,0.291827150709423,0.186070347393524,0.266590559020081,0.207128282171224,0.382359490040217,0.059523534488304,0.452978202698643,0.309875706089403,0.297617793666009,0.207128282171224,0.326790121018099,0.0485475011340419,0.453041820817912,0.000681475798090928,0.446073453312667,0.208166477982743,0.553127054515152,0.56763120489865,0.143559031382039,0.587578895972938
2019-01-05,"B",2019-01-04,"LANDSAT_8",-1,"5.50",0.0346038772229623,0.0136708700553995,0.0270708581515342,0.0129845360907534,0.00868911088511443,0.0169265263630116,0,1,25,0,108,114.84,"1_LC08_018050_20190105",16.48,9,9,144.89925044,44.96272557,55790.676,293.526601367527,293.030103683472,293.928569157918,0.000115698575768874,0.51713235085612,89726.164,293.27893002828,292.691986083984,293.928569157918,0.000388769391463484,0.505582137390071,128072.704,293.258282161894,292.691986083984,293.928569157918,0.000428390378999666,0.466615468315272,1.46806239058606e-05,293.928569157918,0.373286417302086,18676.16,1.05285779637017,1.27827042014186,0.395067580644629,0.782307080131779,0.289014259184406,0.131563982429316,0.165750265434982,0.110627271014305,0.786866416759083,0.461610428057665,0.595958037598132,0.505504231511152,0.520611152885486,0.492567401027799,0.00119941384159769,0.27104737391214,0.546640661573287,0.485328754798461,0.496054112075384,0.447332029889744,0.00280592496278507,0.274019390106845,0.572158316188983,0.460598763868282,0.496054112075384,0.374174102123031,0.00236563670550008,0.272616433124558,0.000300102785855401,0.514520960283158,0.21007780831591,0.559184757440464,0.554120341790576,0.127827539299012,0.587814099762513
2019-01-05,"E",2019-01-04,"LANDSAT_8",-1,"5.30",0.0134889213175384,0.00383568222333487,0.00577177878921377,0.0102574898319493,0.00692873995925967,0.0138602682269602,0,1,25,0,60,67.44,"1_LC08_018050_20190105",16.48,9,9,144.89925044,44.96272557,55790.676,293.526601367527,293.030103683472,293.928569157918,0.000115698575768874,0.51713235085612,89726.164,293.27893002828,292.691986083984,293.928569157918,0.000388769391463484,0.505582137390071,128072.704,293.258282161894,292.691986083984,293.928569157918,0.000428390378999666,0.466615468315272,1.46806239058606e-05,293.928569157918,0.373286417302086,18676.16,0.373939656404802,2.33704752211681,0.284357965551158,0.427890314825194,0.170517933335857,0.0569695036078051,0.0150963115715994,0.0917743148135878,0.78333288781514,0.45760657824382,0.595958037598132,0.505504231511152,0.520611152885486,0.492567401027799,0.00119941384159769,0.27104737391214,0.546640661573287,0.485328754798461,0.496054112075384,0.447332029889744,0.00280592496278507,0.274019390106845,0.572158316188983,0.460598763868282,0.496054112075384,0.374174102123031,0.00236563670550008,0.272616433124558,0.000300102785855401,0.514520960283158,0.21007780831591,0.54719124019451,0.803049301741,0.121340199742625,0.585337305556477
2019-01-05,"F",2019-01-04,"LANDSAT_8",-1,"5.00",0.0301066593507393,0.0110885223397049,0.0205810448474162,0.0121173209042602,0.00861574655103521,0.0165858113559257,0,1,26,0,120,127.961538461538,"1_LC08_018050_20190105",16.48,9,9,144.89925044,44.96272557,55790.676,293.526601367527,293.030103683472,293.928569157918,0.000115698575768874,0.51713235085612,89726.164,293.27893002828,292.691986083984,293.928569157918,0.000388769391463484,0.505582137390071,128072.704,293.258282161894,292.691986083984,293.928569157918,0.000428390378999666,0.466615468315272,1.46806239058606e-05,293.928569157918,0.373286417302086,18676.16,0.91509686236059,1.46283434946788,0.368307961721187,0.68360440152623,0.263776044300805,0.111978298324723,0.119846120121067,0.104631930863851,0.786719155182494,0.46116553018633,0.595958037598132,0.505504231511152,0.520611152885486,0.492567401027799,0.00119941384159769,0.27104737391214,0.546640661573287,0.485328754798461,0.496054112075384,0.447332029889744,0.00280592496278507,0.274019390106845,0.572158316188983,0.460598763868282,0.496054112075384,0.374174102123031,0.00236563670550008,0.272616433124558,0.000300102785855401,0.514520960283158,0.21007780831591,0.556751123633085,0.59751314551271,0.126259484580284,0.587124329282048
2019-01-05,"P",2019-01-04,"LANDSAT_8",-1,"5.00",0.0247674607949975,0.00858726276790206,0.0167248349732483,0.0102079122573732,0.00703874033079119,0.0138602682269603,0,1,26,0,54,62.6153846153846,"1_LC08_018050_20190105",16.48,9,9,144.89925044,44.96272557,55790.676,293.526601367527,293.030103683472,293.928569157918,0.000115698575768874,0.51713235085612,89726.164,293.27893002828,292.691986083984,293.928569157918,0.000388769391463484,0.505582137390071,128072.704,293.258282161894,292.691986083984,293.928569157918,0.000428390378999666,0.466615468315272,1.46806239058606e-05,293.928569157918,0.373286417302086,18676.16,0.841235950250205,1.4808792334641,0.346715508665971,0.675274510846358,0.233812665989001,0.0930076230979966,0.0925701400381837,0.091431568943765,0.78355368758577,0.45760657824382,0.595958037598132,0.505504231511152,0.520611152885486,0.492567401027799,0.00119941384159769,0.27104737391214,0.546640661573287,0.485328754798461,0.496054112075384,0.447332029889744,0.00280592496278507,0.274019390106845,0.572158316188983,0.460598763868282,0.496054112075384,0.374174102123031,0.00236563670550008,0.272616433124558,0.000300102785855401,0.514520960283158,0.21007780831591,0.555446324024633,0.601755676067278,0.12499421439841,0.587066116954098
2019-01-05,"R",2019-01-04,"LANDSAT_8",-1,"3.50",0.0276914144972863,0.00949512569559353,0.0172203521505845,0.0111481036902917,0.00700207320233498,0.0144564539093802,0,1,24,0,110,115.791666666667,"1_LC08_018050_20190105",16.48,9,9,144.89925044,44.96272557,55790.676,293.526601367527,293.030103683472,293.928569157918,0.000115698575768874,0.51713235085612,89726.164,293.27893002828,292.691986083984,293.928569157918,0.000388769391463484,0.505582137390071,128072.704,293.258282161894,292.691986083984,293.928569157918,0.000428390378999666,0.466615468315272,1.46806239058606e-05,293.928569157918,0.373286417302086,18676.16,0.85172563508378,1.60806319494148,0.342890598691664,0.62186610771624,0.250221782457176,0.0998932630154907,0.0960750625140812,0.0979314175795835,0.78348008698388,0.458385063885818,0.595958037598132,0.505504231511152,0.520611152885486,0.492567401027799,0.00119941384159769,0.27104737391214,0.546640661573287,0.485328754798461,0.496054112075384,0.447332029889744,0.00280592496278507,0.274019390106845,0.572158316188983,0.460598763868282,0.496054112075384,0.374174102123031,0.00236563670550008,0.272616433124558,0.000300102785855401,0.514520960283158,0.21007780831591,0.555631630924759,0.631657882295467,0.124770083100013,0.586692879465426
2019-02-06,"B",2019-02-06,"LANDSAT_8",0,"5.00",0.0208268510644121,0.00955425938910908,0.0196607775019526,0.0125922379310453,0.00612216350309426,0.0101131600064957,0,1,25,0,211,218.76,"1_LC08_018050_20190206",3.97,9,9,135.87667683,48.94049556,60202.5,293.380975299411,292.926995595296,293.729290008545,0.000154782630488626,0.379153574712358,99450.246,293.405256017049,292.926995595296,293.729290008545,0.000457478858493232,0.396405922947392,130651.198,292.931618554252,291.387006759644,293.729290008545,0.000963581897281074,0.506787922502041,7.85470007826916e-05,293.729290008545,0.510334899450738,18748.676,0.758741967982809,1.05930963627169,0.458747189364355,0.944011048100688,0.211698114731166,0.100341759487943,0.113336828717106,0.107915186465419,0.781713876042392,0.452713689946332,0.659688977141175,0.493845121787914,0.512983828897319,0.476251439636773,0.00160458699005786,0.190566400015188,0.642223180311048,0.495542066924113,0.513454676612944,0.432514459515779,0.00330682985807952,0.202774145596836,0.591167548984146,0.43350232092525,0.399430886799992,0.357395095947239,0.00555209444252483,0.30535316216964,0.0016056656656167,0.498910892494418,0.290024997862057,0.553989015785584,0.502640497641075,0.131559024086796,0.588944146335259
2019-02-06,"E",2019-02-06,"LANDSAT_8",0,"4.25",0.0235830690762306,0.010970721810569,0.0203766021986008,0.012002539825499,0.00619548187655907,0.0121569634977736,0,1,25,0,231,237.8,"1_LC08_018050_20190206",3.97,9,9,135.87667683,48.94049556,60202.5,293.380975299411,292.926995595296,293.729290008545,0.000154782630488626,0.379153574712358,99450.246,293.405256017049,292.926995595296,293.729290008545,0.000457478858493232,0.396405922947392,130651.198,292.931618554252,291.387006759644,293.729290008545,0.000963581897281074,0.506787922502041,7.85470007826916e-05,293.729290008545,0.510334899450738,18748.676,0.914033360444434,1.15736023338817,0.465194830032805,0.864035216652034,0.227165904912731,0.111084846239635,0.118400043844323,0.103838411999413,0.7818610453639,0.455382441846857,0.659688977141175,0.493845121787914,0.512983828897319,0.476251439636773,0.00160458699005786,0.190566400015188,0.642223180311048,0.495542066924113,0.513454676612944,0.432514459515779,0.00330682985807952,0.202774145596836,0.591167548984146,0.43350232092525,0.399430886799992,0.357395095947239,0.00555209444252483,0.30535316216964,0.0016056656656167,0.498910892494418,0.290024997862057,0.556732336200814,0.525693161999981,0.131936841626117,0.588385245923808
2019-02-06,"F",2019-02-06,"LANDSAT_8",0,"5.00",0.0245903415529899,0.0102041258487392,0.021960117919818,0.0112139407349336,0.00564562702527842,0.0113053572081082,0,1,26,0,150,158.538461538462,"1_LC08_018050_20190206",3.97,9,9,135.87667683,48.94049556,60202.5,293.380975299411,292.926995595296,293.729290008545,0.000154782630488626,0.379153574712358,99450.246,293.405256017049,292.926995595296,293.729290008545,0.000457478858493232,0.396405922947392,130651.198,292.931618554252,291.387006759644,293.729290008545,0.000963581897281074,0.506787922502041,7.85470007826916e-05,293.729290008545,0.510334899450738,18748.676,0.909950042535125,1.11977274633841,0.414964787160449,0.893038344851615,0.232818679569659,0.10527063839574,0.129600664319414,0.0983865704450735,0.780757341591342,0.454270433811964,0.659688977141175,0.493845121787914,0.512983828897319,0.476251439636773,0.00160458699005786,0.190566400015188,0.642223180311048,0.495542066924113,0.513454676612944,0.432514459515779,0.00330682985807952,0.202774145596836,0.591167548984146,0.43350232092525,0.399430886799992,0.357395095947239,0.00555209444252483,0.30535316216964,0.0016056656656167,0.498910892494418,0.290024997862057,0.556660201813937,0.516855972339386,0.128993471768226,0.588587930409739
2019-02-06,"P",2019-02-06,"LANDSAT_8",0,"5.00",0.0225397840233168,0.0103024938374729,0.0185179798004323,0.0117728074112176,0.00491260550456392,0.00806953344294082,0,1,26,0,71,79.6923076923077,"1_LC08_018050_20190206",3.97,9,9,135.87667683,48.94049556,60202.5,293.380975299411,292.926995595296,293.729290008545,0.000154782630488626,0.379153574712358,99450.246,293.405256017049,292.926995595296,293.729290008545,0.000457478858493232,0.396405922947392,130651.198,292.931618554252,291.387006759644,293.729290008545,0.000963581897281074,0.506787922502041,7.85470007826916e-05,293.729290008545,0.510334899450738,18748.676,0.875109349674426,1.21718374607961,0.457080415092498,0.821568644192684,0.221311029054276,0.106016705372559,0.105253521956693,0.102250197230284,0.779285973982427,0.450045169073985,0.659688977141175,0.493845121787914,0.512983828897319,0.476251439636773,0.00160458699005786,0.190566400015188,0.642223180311048,0.495542066924113,0.513454676612944,0.432514459515779,0.00330682985807952,0.202774145596836,0.591167548984146,0.43350232092525,0.399430886799992,0.357395095947239,0.00555209444252483,0.30535316216964,0.0016056656656167,0.498910892494418,0.290024997862057,0.556044718994893,0.539758261034597,0.131461354786291,0.588088473956696
2019-02-06,"R",2019-02-06,"LANDSAT_8",0,"5.50",0.0260019638034241,0.0102631496933382,0.0179888537204012,0.0122484297874326,0.0033004339865299,0.00594094391186005,0,1,24,0,213,220.208333333333,"1_LC08_018050_20190206",3.97,9,9,135.87667683,48.94049556,60202.5,293.380975299411,292.926995595296,293.729290008545,0.000154782630488626,0.379153574712358,99450.246,293.405256017049,292.926995595296,293.729290008545,0.000457478858493232,0.396405922947392,130651.198,292.931618554252,291.387006759644,293.729290008545,0.000963581897281074,0.506787922502041,7.85470007826916e-05,293.729290008545,0.510334899450738,18748.676,0.837915542763581,1.44544862099441,0.394706714113135,0.691826734949624,0.240740649708349,0.105718301724706,0.101510874929895,0.105538329141473,0.776049920354237,0.447265705499941,0.659688977141175,0.493845121787914,0.512983828897319,0.476251439636773,0.00160458699005786,0.190566400015188,0.642223180311048,0.495542066924113,0.513454676612944,0.432514459515779,0.00330682985807952,0.202774145596836,0.591167548984146,0.43350232092525,0.399430886799992,0.357395095947239,0.00555209444252483,0.30535316216964,0.0016056656656167,0.498910892494418,0.290024997862057,0.555387666931664,0.593425588935591,0.127806393315238,0.587181789960483
2019-03-10,"B",2019-03-11,"LANDSAT_8",1,"3.50",0.0285582863351837,0.0185131126622223,0.0259521142588505,0.0165816680064211,0.0146361112161372,0.0281728787205358,0,1,25,0,211,218.76,"1_LC08_018050_20190310",7.75,9,9,122.17997725,57.10378381,58728.6709375,294.082866668701,293.52213605245,294.736715316772,0.00595263540725455,1.26271491699783,99903.0979648437,294.333026885986,293.52213605245,295.551668802897,0.00685362558334646,1.37354660544973,146349.846721924,294.725202015468,293.52213605245,295.867645899455,0.00696057717760823,1.15106086795516,0.00178871154776061,294.736715316772,0.85000058639705,23109.7095,1.11648072166523,1.10042234132984,0.648257127368816,0.908742000631795,0.25508663409279,0.168289723691285,0.157837097549826,0.135495411859127,0.798803615613411,0.476295658000861,0.638398800815245,0.550039926703101,0.557008785285115,0.558734290878818,0.0617092583378745,0.705934627739882,0.64667447261968,0.570551283617187,0.557520041779688,0.568018982283429,0.0499359385384512,0.840427934940366,0.706901488300872,0.582278403670501,0.557520041779688,0.537441462125067,0.0412573912515293,0.830374330861952,0.0365650208068059,0.577825206425378,0.488168870970878,0.56030869655307,0.512306500893112,0.14266388897235,0.588697673309786
2019-03-10,"E",2019-03-11,"LANDSAT_8",1,"3.50",0.0167322679618638,0.0119904432547078,0.0200698726478076,0.011707127883033,0.0118450560370291,0.025786841592549,0,1,25,0,361,368.68,"1_LC08_018050_20190310",7.75,9,9,122.17997725,57.10378381,58728.6709375,294.082866668701,293.52213605245,294.736715316772,0.00595263540725455,1.26271491699783,99903.0979648437,294.333026885986,293.52213605245,295.551668802897,0.00685362558334646,1.37354660544973,146349.846721924,294.725202015468,293.52213605245,295.867645899455,0.00696057717760823,1.15106086795516,0.00178871154776061,294.736715316772,0.85000058639705,23109.7095,1.02420024573964,0.833700754134661,0.716605978462479,1.1994711472199,0.188719470792398,0.118818871351048,0.116230465581918,0.101796133327205,0.793201231414336,0.473180025237137,0.638398800815245,0.550039926703101,0.557008785285115,0.558734290878818,0.0617092583378745,0.705934627739882,0.64667447261968,0.570551283617187,0.557520041779688,0.568018982283429,0.0499359385384512,0.840427934940366,0.706901488300872,0.582278403670501,0.557520041779688,0.537441462125067,0.0412573912515293,0.830374330861952,0.0365650208068059,0.577825206425378,0.488168870970878,0.558678503729624,0.44959761988976,0.146668981077125,0.590729395102552
2019-03-10,"F",2019-03-11,"LANDSAT_8",1,"4.10",0.0419121381027414,0.0243724233663742,0.032749878469008,0.0205167971282653,0.0143054896332475,0.0235714513186521,0,1,26,0,360,365.653846153846,"1_LC08_018050_20190310",7.75,9,9,122.17997725,57.10378381,58728.6709375,294.082866668701,293.52213605245,294.736715316772,0.00595263540725455,1.26271491699783,99903.0979648437,294.333026885986,293.52213605245,295.551668802897,0.00685362558334646,1.37354660544973,146349.846721924,294.725202015468,293.52213605245,295.867645899455,0.00696057717760823,1.15106086795516,0.00178871154776061,294.736715316772,0.85000058639705,23109.7095,1.18792534789931,1.27976469110882,0.581512289032566,0.781393647556861,0.330027940031074,0.212729365891566,0.205919460090948,0.162700237130711,0.798139970857936,0.470287219236414,0.638398800815245,0.550039926703101,0.557008785285115,0.558734290878818,0.0617092583378745,0.705934627739882,0.64667447261968,0.570551283617187,0.557520041779688,0.568018982283429,0.0499359385384512,0.840427934940366,0.706901488300872,0.582278403670501,0.557520041779688,0.537441462125067,0.0412573912515293,0.830374330861952,0.0365650208068059,0.577825206425378,0.488168870970878,0.561570810947175,0.554471659661916,0.138752788481595,0.587807716361019
2019-03-10,"P",2019-03-11,"LANDSAT_8",1,"4.25",0.02699448951478,0.0170284764644,0.0248662613159096,0.0151302510467658,0.0162896297346043,0.0339685429075062,0,1,26,0,250,258.615384615385,"1_LC08_018050_20190310",7.75,9,9,122.17997725,57.10378381,58728.6709375,294.082866668701,293.52213605245,294.736715316772,0.00595263540725455,1.26271491699783,99903.0979648437,294.333026885986,293.52213605245,295.551668802897,0.00685362558334646,1.37354660544973,146349.846721924,294.725202015468,293.52213605245,295.867645899455,0.00696057717760823,1.15106086795516,0.00178871154776061,294.736715316772,0.85000058639705,23109.7095,1.12545895053341,1.08558697955566,0.630813057423315,0.921160642889537,0.246310666081231,0.157029576421392,0.150156575946736,0.12546129517298,0.80212266358139,0.48386350387244,0.638398800815245,0.550039926703101,0.557008785285115,0.558734290878818,0.0617092583378745,0.705934627739882,0.64667447261968,0.570551283617187,0.557520041779688,0.568018982283429,0.0499359385384512,0.840427934940366,0.706901488300872,0.582278403670501,0.557520041779688,0.537441462125067,0.0412573912515293,0.830374330861952,0.0365650208068059,0.577825206425378,0.488168870970878,0.560467302630047,0.508818560730781,0.141641704902012,0.588784459331785
2019-03-26,"B",2019-03-26,"LANDSAT_8",0,"2.80",0.0216704393006432,0.0129683509883291,0.0229296215019415,0.0119041108735432,0.0157383808573341,0.0370374107274728,0,1,25,0,178,185.16,"1_LC08_018050_20190326",30.52,9,9,112.69904059,61.3034811,76458.752,293.22673564487,292.987621943156,293.662233352661,2.15453683267697e-05,1.04743257448709,111819.446,293.286571248372,292.987621943156,293.662233352661,0.00206079157163686,1.18592292116148,161130.2939375,293.56781741551,292.987621943156,294.38178507487,0.00206913001665043,1.11192379176574,0,293.662233352661,0.775487347895515,26216.748,1.08940105868395,0.945084911183916,0.598435075930564,1.05810598409331,0.216432299683774,0.126235762514752,0.136458216490895,0.103157940696767,0.80101616163084,0.487870761351913,0.894518429405924,0.481496391376993,0.517468606042621,0.470761182317548,0.000223354633552889,0.580363629994336,0.763805792507357,0.485946538728601,0.517943570159105,0.427528404924872,0.0149952801025525,0.717990137190899,0.815866241345674,0.486274425748729,0.517943570159105,0.41233420413787,0.0121343780518203,0.798481336401789,0,0.493658165616928,0.444701596406553,0.559830317222982,0.475785135956651,0.139744426513712,0.58974148354971
2019-03-26,"E",2019-03-26,"LANDSAT_8",0,"3.00",0.0283852928022918,0.0139047501473122,0.0226575598101595,0.0125595163042959,0.0182379847457675,0.0406182596556461,0,1,25,0,36,43.48,"1_LC08_018050_20190326",30.52,9,9,112.69904059,61.3034811,76458.752,293.22673564487,292.987621943156,293.662233352661,2.15453683267697e-05,1.04743257448709,111819.446,293.286571248372,292.987621943156,293.662233352661,0.00206079157163686,1.18592292116148,161130.2939375,293.56781741551,292.987621943156,294.38178507487,0.00206913001665043,1.11192379176574,0,293.662233352661,0.775487347895515,26216.748,1.10710873017906,1.25279566908896,0.489857555606738,0.798214764525175,0.254115800995384,0.133337834018208,0.134533853054125,0.107688971235688,0.806033526186484,0.492546552064347,0.894518429405924,0.481496391376993,0.517468606042621,0.470761182317548,0.000223354633552889,0.580363629994336,0.763805792507357,0.485946538728601,0.517943570159105,0.427528404924872,0.0149952801025525,0.717990137190899,0.815866241345674,0.486274425748729,0.517943570159105,0.41233420413787,0.0121343780518203,0.798481336401789,0,0.493658165616928,0.444701596406553,0.560143134411036,0.548130976065942,0.133382023013921,0.58792526848926
2019-03-26,"F",2019-03-26,"LANDSAT_8",0,"3.00",0.0281832263475529,0.0132807444239404,0.0222833734601658,0.0109834300040399,0.0130934446923516,0.0306443853330892,0,1,26,0,55,63.8846153846154,"1_LC08_018050_20190326",30.52,9,9,112.69904059,61.3034811,76458.752,293.22673564487,292.987621943156,293.662233352661,2.15453683267697e-05,1.04743257448709,111819.446,293.286571248372,292.987621943156,293.662233352661,0.00206079157163686,1.18592292116148,161130.2939375,293.56781741551,292.987621943156,294.38178507487,0.00206913001665043,1.11192379176574,0,293.662233352661,0.775487347895515,26216.748,1.2091618391573,1.26476479864836,0.47122867553074,0.790660841500875,0.252981811771298,0.128605094541204,0.131887135224246,0.0967929749205003,0.795707076848433,0.47952289486466,0.894518429405924,0.481496391376993,0.517468606042621,0.470761182317548,0.000223354633552889,0.580363629994336,0.763805792507357,0.485946538728601,0.517943570159105,0.427528404924872,0.0149952801025525,0.717990137190899,0.815866241345674,0.486274425748729,0.517943570159105,0.41233420413787,0.0121343780518203,0.798481336401789,0,0.493658165616928,0.444701596406553,0.561945966962536,0.550945036709281,0.132290411680017,0.587872478907584
2019-03-26,"P",2019-03-26,"LANDSAT_8",0,"3.00",0.0258847940805061,0.0114417042292794,0.0226575598101595,0.00919757408321377,0.0182379847457675,0.0448818815285563,0.346153846153846,1,17,0,3,6.41176470588235,"1_LC08_018050_20190326",30.52,9,9,112.69904059,61.3034811,76458.752,293.22673564487,292.987621943156,293.662233352661,2.15453683267697e-05,1.04743257448709,111819.446,293.286571248372,292.987621943156,293.662233352661,0.00206079157163686,1.18592292116148,161130.2939375,293.56781741551,292.987621943156,294.38178507487,0.00206913001665043,1.11192379176574,0,293.662233352661,0.775487347895515,26216.748,1.24399152708771,1.14243520914814,0.442024154941846,0.87532316230489,0.240083097699779,0.114656988293014,0.134533853054125,0.084446773110601,0.806033526186484,0.4981138920875,0.894518429405924,0.481496391376993,0.517468606042621,0.470761182317548,0.000223354633552889,0.580363629994336,0.763805792507357,0.485946538728601,0.517943570159105,0.427528404924872,0.0149952801025525,0.717990137190899,0.815866241345674,0.486274425748729,0.517943570159105,0.41233420413787,0.0121343780518203,0.798481336401789,0,0.493658165616928,0.444701596406553,0.562561255372544,0.522184141305846,0.130579091109697,0.588464130223671
2019-04-11,"B",2019-04-11,"LANDSAT_8",0,"4.00",0.0244130318936385,0.0153437742395481,0.0303531617386201,0.0114442244568154,0.00524244846057356,0.015393347534064,0,1,25,0,1143,1149.68,"1_LC08_018050_20190411",21.36,9,9,101.07518246,64.58775369,62193.608,295.777099609375,294.222603480021,297.283924102783,0.025529314224304,0.633314558378972,109469.552,296.15009727478,294.222603480021,297.283924102783,0.0263490995665343,0.659054010252458,154649.084,296.056538627261,294.222603480021,297.283924102783,0.0274192979304821,0.709609590563611,0.015793743729489,294.222603480021,0.71446305866652,19908.826,1.34074390951065,0.804299469816891,0.628507524440106,1.24331798978764,0.23182362453546,0.144252038607364,0.188966856385352,0.0999785965826424,0.779948055828303,0.459608438174068,0.688451498849128,0.685683551553999,0.608825205390976,0.767286767834882,0.264655054253179,0.338814732576016,0.740707592874039,0.717459352304216,0.609384022143133,0.696822296089683,0.192061598602681,0.374170702032306,0.768085316318793,0.692711539457558,0.609384022143133,0.65668996752589,0.163065840761273,0.470633529680522,0.322857292898416,0.537553453721059,0.409103096215813,0.56427044724542,0.44268508739092,0.141506605748177,0.591035812902881
2019-04-11,"E",2019-04-11,"LANDSAT_8",0,"5.00",0.0247084422051443,0.0143331499130894,0.0282562485961085,0.0124285834689287,0.0138279734508634,0.0327752018190176,0,1,25,0,725,732.48,"1_LC08_018050_20190411",21.36,9,9,101.07518246,64.58775369,62193.608,295.777099609375,294.222603480021,297.283924102783,0.025529314224304,0.633314558378972,109469.552,296.15009727478,294.222603480021,297.283924102783,0.0263490995665343,0.659054010252458,154649.084,296.056538627261,294.222603480021,297.283924102783,0.0274192979304821,0.709609590563611,0.015793743729489,294.222603480021,0.71446305866652,19908.826,1.15324082981155,0.874441705207364,0.580091200978475,1.14358680978381,0.233481455917538,0.136587010119474,0.174134841796669,0.106783790033703,0.79718146988131,0.482305266345461,0.688451498849128,0.685683551553999,0.608825205390976,0.767286767834882,0.264655054253179,0.338814732576016,0.740707592874039,0.717459352304216,0.609384022143133,0.696822296089683,0.192061598602681,0.374170702032306,0.768085316318793,0.692711539457558,0.609384022143133,0.65668996752589,0.163065840761273,0.470633529680522,0.322857292898416,0.537553453721059,0.409103096215813,0.560958087054019,0.459176220105992,0.138669515852215,0.590338854877825
2019-04-11,"F",2019-04-11,"LANDSAT_8",0,"2.40",0.0271108552533575,0.0176654875494374,0.0329016180136268,0.0121173209042602,0.00341033398819017,0.0110498813109491,0,1,26,0,1001,1009.57692307692,"1_LC08_018050_20190411",21.36,9,9,101.07518246,64.58775369,62193.608,295.777099609375,294.222603480021,297.283924102783,0.025529314224304,0.633314558378972,109469.552,296.15009727478,294.222603480021,297.283924102783,0.0263490995665343,0.659054010252458,154649.084,296.056538627261,294.222603480021,297.283924102783,0.0274192979304821,0.709609590563611,0.015793743729489,294.222603480021,0.71446305866652,19908.826,1.45787073636274,0.82399762960378,0.651602001646541,1.21359572415378,0.246963706160398,0.161860954398432,0.20699275354018,0.104631930863851,0.776270518656051,0.453936839222762,0.688451498849128,0.685683551553999,0.608825205390976,0.767286767834882,0.264655054253179,0.338814732576016,0.740707592874039,0.717459352304216,0.609384022143133,0.696822296089683,0.192061598602681,0.374170702032306,0.768085316318793,0.692711539457558,0.609384022143133,0.65668996752589,0.163065840761273,0.470633529680522,0.322857292898416,0.537553453721059,0.409103096215813,0.566339566532593,0.447316319422233,0.142859891236423,0.590828102821083
2019-04-11,"P",2019-04-11,"LANDSAT_8",0,"4.50",0.0331571339673065,0.0234626320560617,0.0337779501750316,0.0210371921975912,0.033416059669486,0.0704797389907754,0,1,26,0,593,600,"1_LC08_018050_20190411",21.36,9,9,101.07518246,64.58775369,62193.608,295.777099609375,294.222603480021,297.283924102783,0.025529314224304,0.633314558378972,109469.552,296.15009727478,294.222603480021,297.283924102783,0.0263490995665343,0.659054010252458,154649.084,296.056538627261,294.222603480021,297.283924102783,0.0274192979304821,0.709609590563611,0.015793743729489,294.222603480021,0.71446305866652,19908.826,1.1152929457358,0.981620666603268,0.707619424501414,1.01872345807503,0.280895191306204,0.205829100254763,0.213191279906857,0.166297897206112,0.836499927482136,0.531538989482242,0.688451498849128,0.685683551553999,0.608825205390976,0.767286767834882,0.264655054253179,0.338814732576016,0.740707592874039,0.717459352304216,0.609384022143133,0.696822296089683,0.192061598602681,0.374170702032306,0.768085316318793,0.692711539457558,0.609384022143133,0.65668996752589,0.163065840761273,0.470633529680522,0.322857292898416,0.537553453721059,0.409103096215813,0.560287713741954,0.484375053117287,0.146142388811963,0.589466264029052
2019-04-11,"R",2019-04-11,"LANDSAT_8",0,"4.00",0.0327932133942882,0.0263167742558699,0.0365038518286413,0.032524273674655,0.0157751284168655,0.0201635640489456,0,1,24,0,305,312.708333333333,"1_LC08_018050_20190411",21.36,9,9,101.07518246,64.58775369,62193.608,295.777099609375,294.222603480021,297.283924102783,0.025529314224304,0.633314558378972,109469.552,296.15009727478,294.222603480021,297.283924102783,0.0263490995665343,0.659054010252458,154649.084,296.056538627261,294.222603480021,297.283924102783,0.0274192979304821,0.709609590563611,0.015793743729489,294.222603480021,0.71446305866652,19908.826,0.809142565922314,0.898349400173663,0.802506724164264,1.11315263282492,0.278852882953939,0.227476195715723,0.232472294591723,0.245711821066767,0.80108992367912,0.465837277905645,0.688451498849128,0.685683551553999,0.608825205390976,0.767286767834882,0.264655054253179,0.338814732576016,0.740707592874039,0.717459352304216,0.609384022143133,0.696822296089683,0.192061598602681,0.374170702032306,0.768085316318793,0.692711539457558,0.609384022143133,0.65668996752589,0.163065840761273,0.470633529680522,0.322857292898416,0.537553453721059,0.409103096215813,0.554879374143993,0.464797155458364,0.151702575539934,0.590126169698861
2019-04-27,"B",2019-04-26,"LANDSAT_8",-1,"4.10",0.0182099015581497,0.0137098602419143,0.0329859092598412,0.0175760755411121,0.0385867161661699,0.0892690710355678,0,1,25,0,211,218.76,"1_LC08_018050_20190427",7.25,9,9,88.34079061,66.39326393,72102.406,297.572918574015,296.725361506144,298.001099904378,0.00025459527968863,0.73299588889024,112861.188,296.620335642497,294.500707626343,298.001099904378,0.0011481344698332,0.807100875729253,144912.286,295.573031380063,292.80902226766,298.001099904378,0.00916654467558331,0.922366137578735,5.79953193664551e-05,297.992294311523,1.03585574213691,22640.646,0.780029660765035,0.552050920127868,0.752879426510604,1.81142710489166,0.197011894082057,0.131859701503714,0.207588967550291,0.142370074009307,0.846878799412974,0.556073669953304,0.831588896506475,0.829460353487061,0.793964379891355,0.826005468342282,0.00263931600224701,0.396957374387334,0.774045558506339,0.755477588058801,0.629975397867558,0.750148511823112,0.00834183873877697,0.470781810813445,0.696303470069983,0.652605062244459,0.504719700356961,0.717075096837974,0.0543914226429831,0.644009878554307,0.001185546133465,0.832843400549325,0.596587418415618,0.554365076308172,0.383378960533846,0.148794525224039,0.595005967541216
2019-04-27,"E",2019-04-26,"LANDSAT_8",-1,"3.90",0.0408313996401287,0.0157705181346206,0.0348051181249879,0.0116414298235005,0.0056089727387586,0.0159043960857304,0,1,25,0,316,321.24,"1_LC08_018050_20190427",7.25,9,9,88.34079061,66.39326393,72102.406,297.572918574015,296.725361506144,298.001099904378,0.00025459527968863,0.73299588889024,112861.188,296.620335642497,294.500707626343,298.001099904378,0.0011481344698332,0.807100875729253,144912.286,295.573031380063,292.80902226766,298.001099904378,0.00916654467558331,0.922366137578735,5.79953193664551e-05,297.992294311523,1.03585574213691,22640.646,1.35468910380619,1.17314354439195,0.386235061095518,0.852410606340856,0.323962877068289,0.147488655842006,0.220456707219946,0.101341941310902,0.780683766766607,0.460275753696006,0.831588896506475,0.829460353487061,0.793964379891355,0.826005468342282,0.00263931600224701,0.396957374387334,0.774045558506339,0.755477588058801,0.629975397867558,0.750148511823112,0.00834183873877697,0.470781810813445,0.696303470069983,0.652605062244459,0.504719700356961,0.717075096837974,0.0543914226429831,0.644009878554307,0.001185546133465,0.832843400549325,0.596587418415618,0.56451679790014,0.529403974394218,0.12730997311106,0.588304008887966
2019-04-27,"F",2019-04-26,"LANDSAT_8",-1,"4.25",0.0281254454704344,0.0213497640790758,0.04069798186869,0.0231685405244779,0.0538416480515058,0.117566485795578,0,1,26,0,248,255.269230769231,"1_LC08_018050_20190427",7.25,9,9,88.34079061,66.39326393,72102.406,297.572918574015,296.725361506144,298.001099904378,0.00025459527968863,0.73299588889024,112861.188,296.620335642497,294.500707626343,298.001099904378,0.0011481344698332,0.807100875729253,144912.286,295.573031380063,292.80902226766,298.001099904378,0.00916654467558331,0.922366137578735,5.79953193664551e-05,297.992294311523,1.03585574213691,22640.646,0.921498013934864,0.691077153682454,0.759090699612875,1.44701643611199,0.252657547696416,0.189804161203971,0.262138472307758,0.181032600193104,0.877499472910256,0.593023787585953,0.831588896506475,0.829460353487061,0.793964379891355,0.826005468342282,0.00263931600224701,0.396957374387334,0.774045558506339,0.755477588058801,0.629975397867558,0.750148511823112,0.00834183873877697,0.470781810813445,0.696303470069983,0.652605062244459,0.504719700356961,0.717075096837974,0.0543914226429831,0.644009878554307,0.001185546133465,0.832843400549325,0.596587418415618,0.556864204013886,0.416065401957649,0.149158492144689,0.592459332276176
2019-04-27,"P",2019-04-26,"LANDSAT_8",-1,"3.40",0.0206757739348627,0.0113828634662079,0.0321933318229758,0.012313956431997,0.0251936207184927,0.0622854168315732,0,1,26,0,286,293.961538461538,"1_LC08_018050_20190427",7.25,9,9,88.34079061,66.39326393,72102.406,297.572918574015,296.725361506144,298.001099904378,0.00025459527968863,0.73299588889024,112861.188,296.620335642497,294.500707626343,298.001099904378,0.0011481344698332,0.807100875729253,144912.286,295.573031380063,292.80902226766,298.001099904378,0.00916654467558331,0.922366137578735,5.79953193664551e-05,297.992294311523,1.03585574213691,22640.646,0.924387180437823,0.642237779194596,0.550541106807835,1.55705570801839,0.210850275652007,0.114210713536525,0.201982860235722,0.105991336110447,0.819995322914761,0.520839030836895,0.831588896506475,0.829460353487061,0.793964379891355,0.826005468342282,0.00263931600224701,0.396957374387334,0.774045558506339,0.755477588058801,0.629975397867558,0.750148511823112,0.00834183873877697,0.470781810813445,0.696303470069983,0.652605062244459,0.504719700356961,0.717075096837974,0.0543914226429831,0.644009878554307,0.001185546133465,0.832843400549325,0.596587418415618,0.556915242962825,0.404582782364522,0.136937945431288,0.593228327024092
2019-04-27,"R",2019-04-26,"LANDSAT_8",-1,"3.40",0.041728251214965,0.0161193060675339,0.0432405924666685,0.0115264136282626,0.00630546197134892,0.0179487008722237,0,1,24,0,181,188.666666666667,"1_LC08_018050_20190427",7.25,9,9,88.34079061,66.39326393,72102.406,297.572918574015,296.725361506144,298.001099904378,0.00025459527968863,0.73299588889024,112861.188,296.620335642497,294.500707626343,298.001099904378,0.0011481344698332,0.807100875729253,144912.286,295.573031380063,292.80902226766,298.001099904378,0.00916654467558331,0.922366137578735,5.79953193664551e-05,297.992294311523,1.03585574213691,22640.646,1.39846673799816,0.965024964612377,0.386292394198227,1.03624262238819,0.328995973842234,0.150134020070849,0.280123021461467,0.100546797009923,0.782081804433758,0.46294516017637,0.831588896506475,0.829460353487061,0.793964379891355,0.826005468342282,0.00263931600224701,0.396957374387334,0.774045558506339,0.755477588058801,0.629975397867558,0.750148511823112,0.00834183873877697,0.470781810813445,0.696303470069983,0.652605062244459,0.504719700356961,0.717075096837974,0.0543914226429831,0.644009878554307,0.001185546133465,0.832843400549325,0.596587418415618,0.565290157425774,0.480473239573592,0.127313332704577,0.589588694367887
2019-05-13,"B",2019-05-13,"LANDSAT_8",0,"2.75",0.024885434502256,0.0151496370026523,0.0366551039133228,0.0206904022946925,0.0207391512950922,0.0445407635194344,0,1,25,0,337,345.24,"1_LC08_018050_20190513",24.64,9,9,76.9170103,66.66730704,63545.506,297.725780487061,297.016836802165,299.092151641846,0.0195826148112701,0.323927741410072,111621.138,298.253843688965,297.016836802165,299.790537516276,0.0215198074896144,0.389992920893706,156191.53,298.26042901902,297.016836802165,299.790537516276,0.0269658123571226,0.465673080282288,0.00189920067776939,297.068353017171,0.229209584555374,23177.944,0.732206014502603,0.678907760324506,0.608775265759531,1.47295414552636,0.234474729926973,0.142779614668609,0.233542140109443,0.163900426012108,0.811054027414865,0.497668467985314,0.707980321781857,0.841698779201388,0.815525991173522,0.915335225520335,0.20300733265925,0.158353990450055,0.761856531062848,0.887544850709313,0.816274530461403,0.883203664996655,0.156855154036773,0.198589205665639,0.77945657221001,0.875522201116706,0.816274530461403,0.867743066044472,0.160365849142383,0.271848476515592,0.0388236506807814,0.760468612303644,0.126030632628725,0.553520241426839,0.413204257316184,0.140350338858736,0.592640594492538
2019-05-13,"E",2019-05-13,"LANDSAT_8",0,"2.50",0.0245312594906887,0.00939654919734233,0.032075242470633,0.0102244392737745,0.0056089727387586,0.0174376080886264,0,1,25,0,660,664,"1_LC08_018050_20190513",24.64,9,9,76.9170103,66.66730704,63545.506,297.725780487061,297.016836802165,299.092151641846,0.0195826148112701,0.323927741410072,111621.138,298.253843688965,297.016836802165,299.790537516276,0.0215198074896144,0.389992920893706,156191.53,298.26042901902,297.016836802165,299.790537516276,0.0269658123571226,0.465673080282288,0.00189920067776939,297.068353017171,0.229209584555374,23177.944,0.919028314975111,0.764803555675337,0.383043895520691,1.30752530186262,0.232487113293244,0.0991456146089066,0.201147583389387,0.091545825574116,0.780683766766607,0.462277786897387,0.707980321781857,0.841698779201388,0.815525991173522,0.915335225520335,0.20300733265925,0.158353990450055,0.761856531062848,0.887544850709313,0.816274530461403,0.883203664996655,0.156855154036773,0.198589205665639,0.77945657221001,0.875522201116706,0.816274530461403,0.867743066044472,0.160365849142383,0.271848476515592,0.0388236506807814,0.760468612303644,0.126030632628725,0.556820575223724,0.433399207661174,0.127122977838364,0.591484517123729
2019-05-13,"F",2019-05-13,"LANDSAT_8",0,"3.00",0.0247674607949975,0.0124992726175053,0.0357472963061688,0.0156473852283778,0.0163998886345921,0.0370374107274728,0,1,26,0,529,536.615384615385,"1_LC08_018050_20190513",24.64,9,9,76.9170103,66.66730704,63545.506,297.725780487061,297.016836802165,299.092151641846,0.0195826148112701,0.323927741410072,111621.138,298.253843688965,297.016836802165,299.790537516276,0.0215198074896144,0.389992920893706,156191.53,298.26042901902,297.016836802165,299.790537516276,0.0269658123571226,0.465673080282288,0.00189920067776939,297.068353017171,0.229209584555374,23177.944,0.798809030075955,0.69284850476156,0.50466508137281,1.44331696341633,0.233812665989001,0.122678061615134,0.227120979690324,0.129036411672874,0.802343982286847,0.487870761351913,0.707980321781857,0.841698779201388,0.815525991173522,0.915335225520335,0.20300733265925,0.158353990450055,0.761856531062848,0.887544850709313,0.816274530461403,0.883203664996655,0.156855154036773,0.198589205665639,0.77945657221001,0.875522201116706,0.816274530461403,0.867743066044472,0.160365849142383,0.271848476515592,0.0388236506807814,0.760468612303644,0.126030632628725,0.554696825714235,0.416481864101576,0.134249711403528,0.592433479005578
2019-05-13,"P",2019-05-13,"LANDSAT_8",0,"2.75",0.0255621409694021,0.00971190448522158,0.0343842569496444,0.0101417926096757,0.00494925337011555,0.0165858113559256,0,1,26,0,715,722.384615384615,"1_LC08_018050_20190513",24.64,9,9,76.9170103,66.66730704,63545.506,297.725780487061,297.016836802165,299.092151641846,0.0195826148112701,0.323927741410072,111621.138,298.253843688965,297.016836802165,299.790537516276,0.0215198074896144,0.389992920893706,156191.53,298.26042901902,297.016836802165,299.790537516276,0.0269658123571226,0.465673080282288,0.00189920067776939,297.068353017171,0.229209584555374,23177.944,0.957612215019661,0.743425719707648,0.379933140062358,1.34512429889196,0.238272380767161,0.10153741065232,0.217479846154051,0.0909744623515965,0.779359535918584,0.461165530186329,0.707980321781857,0.841698779201388,0.815525991173522,0.915335225520335,0.20300733265925,0.158353990450055,0.761856531062848,0.887544850709313,0.816274530461403,0.883203664996655,0.156855154036773,0.198589205665639,0.77945657221001,0.875522201116706,0.816274530461403,0.867743066044472,0.160365849142383,0.271848476515592,0.0388236506807814,0.760468612303644,0.126030632628725,0.557502184159116,0.428373067160495,0.126940694421354,0.591747272690369
2019-05-13,"R",2019-05-13,"LANDSAT_8",0,"2.50",0.0251505659154039,0.0118337420455817,0.0363021517795334,0.016147227975487,0.00953289788641275,0.0222934359988523,0,1,24,0,561,567.875,"1_LC08_018050_20190513",24.64,9,9,76.9170103,66.66730704,63545.506,297.725780487061,297.016836802165,299.092151641846,0.0195826148112701,0.323927741410072,111621.138,298.253843688965,297.016836802165,299.790537516276,0.0215198074896144,0.389992920893706,156191.53,298.26042901902,297.016836802165,299.790537516276,0.0269658123571226,0.465673080282288,0.00189920067776939,297.068353017171,0.229209584555374,23177.944,0.732865236283678,0.692811987238272,0.470515935322709,1.44339303941068,0.235962637288266,0.117630379049218,0.231045617439362,0.132491986871891,0.788560119914378,0.46861841603289,0.707980321781857,0.841698779201388,0.815525991173522,0.915335225520335,0.20300733265925,0.158353990450055,0.761856531062848,0.887544850709313,0.816274530461403,0.883203664996655,0.156855154036773,0.198589205665639,0.77945657221001,0.875522201116706,0.816274530461403,0.867743066044472,0.160365849142383,0.271848476515592,0.0388236506807814,0.760468612303644,0.126030632628725,0.553531886995479,0.416473278470969,0.13224864667396,0.592434010652499
2019-05-29,"B",2019-05-29,"LANDSAT_8",0,"1.75",0.0227489593922244,0.0211205952851387,0.0286285540842413,0.019995140769072,0.0264093347357934,0.05409392551594,0,1,25,0,168,174.4,"1_LC08_018050_20190529",61.68,9,9,69.11759039,65.9108872,51331.092,294.344883388943,294.036909739176,294.859248479207,0.0237008596361079,0.575015877791361,78333.548,294.216840871175,293.774806976318,294.859248479207,0.0586911097545872,0.702968767572093,114952.456,294.781090055193,293.774806976318,296.897244771322,0.0721271103022474,0.649138882351374,0.00438168048856369,294.859248479207,0.0932426552613496,19117.66,1.05628640123442,0.794624811483115,0.928420281604517,1.25845554474138,0.222484913233083,0.188066042213487,0.176768255799129,0.159093857348944,0.82243558172874,0.5101427686424,0.531537181668448,0.571017501186472,0.595088685307494,0.568766681892629,0.245699991693065,0.304809976759732,0.43465734712858,0.561157776822081,0.576228291896824,0.516533481131296,0.427840915881399,0.402828204390365,0.475432922000642,0.586914264673005,0.576228291896824,0.624132146444015,0.429250094007522,0.421355654330795,0.0895707518820968,0.58742355616742,0.0467143666048047,0.559245325908367,0.440410479607648,0.15908083262427,0.591141599682946
2019-05-29,"E",2019-05-29,"LANDSAT_8",0,"1.50",0.0374544563594705,0.0328062200120369,0.039340746127115,0.029434052076013,0.0516906397462747,0.102772400282561,0,1,25,0,291,299.16,"1_LC08_018050_20190529",61.68,9,9,69.11759039,65.9108872,51331.092,294.344883388943,294.036909739176,294.859248479207,0.0237008596361079,0.575015877791361,78333.548,294.216840871175,293.774806976318,294.859248479207,0.0586911097545872,0.702968767572093,114952.456,294.781090055193,293.774806976318,296.897244771322,0.0721271103022474,0.649138882351374,0.00438168048856369,294.859248479207,0.0932426552613496,19117.66,1.11456689440228,0.952052516707496,0.875896307162438,1.05036222524606,0.305011600392682,0.27669506497245,0.25253838925653,0.224348115826484,0.873181831671377,0.573706008749635,0.531537181668448,0.571017501186472,0.595088685307494,0.568766681892629,0.245699991693065,0.304809976759732,0.43465734712858,0.561157776822081,0.576228291896824,0.516533481131296,0.427840915881399,0.402828204390365,0.475432922000642,0.586914264673005,0.576228291896824,0.624132146444015,0.429250094007522,0.421355654330795,0.0895707518820968,0.58742355616742,0.0467143666048047,0.560274887587109,0.477423288872023,0.156003043429817,0.589687367325752
2019-05-29,"F",2019-05-29,"LANDSAT_8",0,"1.50",0.0313851881238879,0.0276507722183511,0.0342327097658977,0.0234023040356209,0.0286575325671703,0.0555442958409896,0,1,26,0,373,380.230769230769,"1_LC08_018050_20190529",61.68,9,9,69.11759039,65.9108872,51331.092,294.344883388943,294.036909739176,294.859248479207,0.0237008596361079,0.575015877791361,78333.548,294.216840871175,293.774806976318,294.859248479207,0.0586911097545872,0.702968767572093,114952.456,294.781090055193,293.774806976318,296.897244771322,0.0721271103022474,0.649138882351374,0.00438168048856369,294.859248479207,0.0932426552613496,19117.66,1.18154059430488,0.916818690034101,0.881013429303154,1.09072820053745,0.270951098929778,0.2375938349982,0.216407913323532,0.182648683243649,0.826948307991259,0.512036629073679,0.531537181668448,0.571017501186472,0.595088685307494,0.568766681892629,0.245699991693065,0.304809976759732,0.43465734712858,0.561157776822081,0.576228291896824,0.516533481131296,0.427840915881399,0.402828204390365,0.475432922000642,0.586914264673005,0.576228291896824,0.624132146444015,0.429250094007522,0.421355654330795,0.0895707518820968,0.58742355616742,0.0467143666048047,0.561458020247032,0.469139468025764,0.156302895514483,0.589969459550245
2019-05-29,"P",2019-05-29,"LANDSAT_8",0,"2.00",0.0269071596724549,0.025109903262606,0.0325306643949567,0.0232620772005847,0.0368870555358109,0.0756026278780266,0,1,26,0,338,345.346153846154,"1_LC08_018050_20190529",61.68,9,9,69.11759039,65.9108872,51331.092,294.344883388943,294.036909739176,294.859248479207,0.0237008596361079,0.575015877791361,78333.548,294.216840871175,293.774806976318,294.859248479207,0.0586911097545872,0.702968767572093,114952.456,294.781090055193,293.774806976318,296.897244771322,0.0721271103022474,0.649138882351374,0.00438168048856369,294.859248479207,0.0932426552613496,19117.66,1.07943512722823,0.827132189671059,0.93320527206412,1.20899659387901,0.245820574342522,0.218322744425874,0.204368901663679,0.181679249604389,0.843467132051258,0.538228340739532,0.531537181668448,0.571017501186472,0.595088685307494,0.568766681892629,0.245699991693065,0.304809976759732,0.43465734712858,0.561157776822081,0.576228291896824,0.516533481131296,0.427840915881399,0.402828204390365,0.475432922000642,0.586914264673005,0.576228291896824,0.624132146444015,0.429250094007522,0.421355654330795,0.0895707518820968,0.58742355616742,0.0467143666048047,0.559654262756692,0.448053285471078,0.159361222524093,0.590795962413709
2019-05-29,"R",2019-05-29,"LANDSAT_8",0,"2.10",0.0304486476523032,0.0233867103330975,0.0313158124646733,0.0239001285527075,0.0228001088596343,0.0402772030797614,0,1,24,0,344,352.083333333333,"1_LC08_018050_20190529",61.68,9,9,69.11759039,65.9108872,51331.092,294.344883388943,294.036909739176,294.859248479207,0.0237008596361079,0.575015877791361,78333.548,294.216840871175,293.774806976318,294.859248479207,0.0586911097545872,0.702968767572093,114952.456,294.781090055193,293.774806976318,296.897244771322,0.0721271103022474,0.649138882351374,0.00438168048856369,294.859248479207,0.0932426552613496,19117.66,0.978518181670958,0.972309043128026,0.768070575749478,1.02847958379868,0.265695269583587,0.205253275832042,0.195775936515169,0.186090305763244,0.815190913056175,0.492101208180278,0.531537181668448,0.571017501186472,0.595088685307494,0.568766681892629,0.245699991693065,0.304809976759732,0.43465734712858,0.561157776822081,0.576228291896824,0.516533481131296,0.427840915881399,0.402828204390365,0.475432922000642,0.586914264673005,0.576228291896824,0.624132146444015,0.429250094007522,0.421355654330795,0.0895707518820968,0.58742355616742,0.0467143666048047,0.557871501248785,0.482185798416917,0.149684693104048,0.589534443410026
2019-07-16,"B",2019-07-16,"LANDSAT_8",0,"2.00",0.00731842240244574,0.0130464737581022,0.0163316933490494,0.0183428817665318,0.0218063005852764,0.042664702318793,0,1,18,0,135,144.555555555556,"1_LC08_018050_20190716",50.8,9,9,70.79836532,64.07856102,66327.47,296.874126434326,296.221975962321,297.20955657959,0.00669691860675314,0.823431020612697,114947.144,296.665066401164,296.16974512736,297.20955657959,0.00935091613685657,0.77535146689321,162366.758,296.555166426159,295.848129908244,297.20955657959,0.0146348158015499,0.706208840173569,0.00667239725589752,296.221975962321,0.719342609444794,18703.088,0.711255402731028,0.44811167133944,1.78268936126756,2.23158659762403,0.135889329167041,0.126828280664361,0.0897893466007633,0.147671254411218,0.813196077620871,0.495218750135197,0.748167142356504,0.773513678995523,0.756726907044974,0.761197933950453,0.0694250280922969,0.449706845566431,0.794549388940528,0.759094018884592,0.753554203635541,0.691292635751829,0.0681416548291075,0.450063063537593,0.824981730156939,0.734072252394575,0.729741182855035,0.650428333356641,0.0869487675228835,0.467862241584675,0.136397813721623,0.694169638012497,0.411949580648582,0.553150135652955,0.358941815972758,0.209139118777799,0.597942196013112
2019-08-01,"B",2019-08-01,"LANDSAT_8",0,"2.00",0.0288461857403505,0.011049259565138,0.0311638674436683,0.00946299777274757,0.00568228164974391,0.0176079711211607,0,1,25,0,80,87.4,"1_LC08_018050_20190801",29.53,9,9,78.49507055,64.47878328,63615.148,295.620019488864,295.573695500692,295.671298980713,0.00426655315129665,1.07242315207238,101563.64,295.412900670369,294.737205505371,295.671298980713,0.0105627248587439,1.07284539068558,149917.894,295.568904876709,294.737205505371,296.193031311035,0.0124255726637443,0.977051260403762,0.00125766895990864,295.671298980713,0.92493965330551,21893.128,1.16762783110429,0.92562920159036,0.383040574743375,1.08034621021232,0.256702314555447,0.111680511820193,0.194701189677766,0.0862817332537443,0.780830917094422,0.462500243052685,0.708986334281824,0.673107407845181,0.708770968732935,0.635253239426732,0.0442301287770401,0.594940263289125,0.662996711591972,0.657857847560895,0.647486164066119,0.576914185741573,0.0769759675838706,0.644199006508554,0.733205928541219,0.652262772622747,0.647486164066119,0.564838426873214,0.0737952334159995,0.688573052125853,0.0257093949802621,0.651033639893049,0.531884552404282,0.561212242508064,0.471210906361784,0.127122783248129,0.589896906398133
2019-08-25,"B",2019-08-26,"LANDSAT_7",1,"2.50",0.0194775,0.01263,0.026875,0.0105125,0.00286749999999999,0.0016575,0,1,25,0,215,222.96,"2_LE07_018050_20190825",4,9,NA,94.30924474,61.80363762,75069.64,297.057485156589,296.244618097941,297.525661468506,0.00179946124548636,0.562581549211702,113953.188,296.387586085002,295.032883326213,297.525661468506,0.00854964829945359,0.513095712367519,157452.15,296.144653592791,295.032883326213,297.525661468506,0.0151913342621306,0.538099906964469,0.000860446691508088,297.40217590332,0.670827943404269,24349.024,1.20142687277051,0.724744186046512,0.648440508278783,1.37979720189963,0.204125608109374,0.123669556758023,0.164364909550671,0.0935372829016707,0.775180907608257,0.441672482311236,0.874452032176452,0.788193739298145,0.75840183776295,0.787078991649137,0.0186544969193613,0.297557217300531,0.784779333731767,0.736660051770595,0.669378729074077,0.714796883194693,0.0623002620844457,0.278922532143278,0.788750143979515,0.700020594032525,0.669378729074077,0.677043891983855,0.0902622029827893,0.330869451178141,0.017589337541612,0.786617850187361,0.383648565264093,0.561809323901619,0.423980853978069,0.142674634689694,0.591989579639933
2019-08-25,"E",2019-08-26,"LANDSAT_7",1,"3.00",0.0229975,0.0150775,0.0293225,0.0149675,0.00542499999999998,0.00179499999999999,0,1,21,0,319,324.809523809524,"2_LE07_018050_20190825",4,9,NA,94.30924474,61.80363762,75069.64,297.057485156589,296.244618097941,297.525661468506,0.00179946124548636,0.562581549211702,113953.188,296.387586085002,295.032883326213,297.525661468506,0.00854964829945359,0.513095712367519,157452.15,296.144653592791,295.032883326213,297.525661468506,0.0151913342621306,0.538099906964469,0.000860446691508088,297.40217590332,0.670827943404269,24349.024,1.0073492567229,0.78429533634581,0.655614740732688,1.27502989455376,0.223879713628475,0.14223249526342,0.181676716592103,0.124336144344904,0.780314484936425,0.441852026669531,0.874452032176452,0.788193739298145,0.75840183776295,0.787078991649137,0.0186544969193613,0.297557217300531,0.784779333731767,0.736660051770595,0.669378729074077,0.714796883194693,0.0623002620844457,0.278922532143278,0.788750143979515,0.700020594032525,0.669378729074077,0.677043891983855,0.0902622029827893,0.330869451178141,0.017589337541612,0.786617850187361,0.383648565264093,0.558380820378,0.437981917922694,0.143095028906996,0.591257427311892
2019-08-25,"F",2019-08-26,"LANDSAT_7",1,"3.00",0.01962875,0.015545,0.02979,0.014005,0.0050675,0.00399499999999999,0,1,26,0,361,367.615384615385,"2_LE07_018050_20190825",4,9,NA,94.30924474,61.80363762,75069.64,297.057485156589,296.244618097941,297.525661468506,0.00179946124548636,0.562581549211702,113953.188,296.387586085002,295.032883326213,297.525661468506,0.00854964829945359,0.513095712367519,157452.15,296.144653592791,295.032883326213,297.525661468506,0.0151913342621306,0.538099906964469,0.000860446691508088,297.40217590332,0.670827943404269,24349.024,1.10996072831132,0.65890399462907,0.791950582691205,1.51767178246195,0.204974417330898,0.145778225090294,0.184983466251702,0.117682069341736,0.779596888105606,0.444724736402248,0.874452032176452,0.788193739298145,0.75840183776295,0.787078991649137,0.0186544969193613,0.297557217300531,0.784779333731767,0.736660051770595,0.669378729074077,0.714796883194693,0.0623002620844457,0.278922532143278,0.788750143979515,0.700020594032525,0.669378729074077,0.677043891983855,0.0902622029827893,0.330869451178141,0.017589337541612,0.786617850187361,0.383648565264093,0.560193516757258,0.408501174315646,0.151084008904298,0.592953097722948
2019-08-25,"P",2019-08-26,"LANDSAT_7",1,"3.00",0.0211275,0.01494,0.02908875,0.0149125,0.00429749999999999,0.00413249999999998,0,1,26,0,250,258.615384615385,"2_LE07_018050_20190825",4,9,NA,94.30924474,61.80363762,75069.64,297.057485156589,296.244618097941,297.525661468506,0.00179946124548636,0.562581549211702,113953.188,296.387586085002,295.032883326213,297.525661468506,0.00854964829945359,0.513095712367519,157452.15,296.144653592791,295.032883326213,297.525661468506,0.0151913342621306,0.538099906964469,0.000860446691508088,297.40217590332,0.670827943404269,24349.024,1.00184409052808,0.726311718447854,0.707135250266241,1.3768193113241,0.213385345071453,0.141189633549634,0.180023341762303,0.12395591148758,0.778051294931534,0.444904280760543,0.874452032176452,0.788193739298145,0.75840183776295,0.787078991649137,0.0186544969193613,0.297557217300531,0.784779333731767,0.736660051770595,0.669378729074077,0.714796883194693,0.0623002620844457,0.278922532143278,0.788750143979515,0.700020594032525,0.669378729074077,0.677043891983855,0.0902622029827893,0.330869451178141,0.017589337541612,0.786617850187361,0.383648565264093,0.558283568144169,0.424349396336632,0.146114017268395,0.591968769049562
2019-09-10,"B",2019-09-10,"LANDSAT_7",0,"2.00",0.0237125,0.0199175,0.0287175,0.0289375,0.01494,0.0105675,0,1,24,0,404,411.916666666667,"2_LE07_018050_20190910",24,9,NA,106.7106638,61.24812868,60641.452,295.408587349786,294.74121983846,295.926375071208,0.0108852624893139,0.594981674533848,103503.878,295.816833241781,294.74121983846,297.225536982218,0.023555995201054,0.633250365624174,151268.502,296.105649493989,294.74121983846,297.316012064616,0.0350845408191063,0.563623783285373,0.00226965546607971,295.926375071208,0.477542342519234,20993.362,0.68829373650108,0.825716026812919,0.83995782814971,1.21107011070111,0.227892266312042,0.178941227588701,0.17739739350321,0.220915290105165,0.799413600587456,0.453306956728742,0.666029851884659,0.656179734521164,0.64718936344445,0.656137570062348,0.112844383885835,0.316455729906504,0.682068212119293,0.690515335301535,0.64778339315102,0.692480872159347,0.171699344167908,0.357331988763339,0.743162911914851,0.69678524025265,0.64778339315102,0.659391725895791,0.208703657644215,0.351668982603652,0.0463965246075508,0.671014431041753,0.270895469948993,0.552744503333367,0.447720331588019,0.153897127730455,0.59081045290895
2019-09-10,"E",2019-09-10,"LANDSAT_7",0,"2.50",0.02895125,0.02449625,0.03541375,0.03640375,0.01597125,0.01054,0,1,14,0,266,273.285714285714,"2_LE07_018050_20190910",24,9,NA,106.7106638,61.24812868,60641.452,295.408587349786,294.74121983846,295.926375071208,0.0108852624893139,0.594981674533848,103503.878,295.816833241781,294.74121983846,297.225536982218,0.023555995201054,0.633250365624174,151268.502,296.105649493989,294.74121983846,297.316012064616,0.0350845408191063,0.563623783285373,0.00226965546607971,295.926375071208,0.477542342519234,20993.362,0.672904577138344,0.817514383537468,0.846120633824101,1.22322006821813,0.25729193116664,0.213668522657787,0.224761719509823,0.27253190048688,0.801483591445588,0.453271047857083,0.666029851884659,0.656179734521164,0.64718936344445,0.656137570062348,0.112844383885835,0.316455729906504,0.682068212119293,0.690515335301535,0.64778339315102,0.692480872159347,0.171699344167908,0.357331988763339,0.743162911914851,0.69678524025265,0.64778339315102,0.659391725895791,0.208703657644215,0.351668982603652,0.0463965246075508,0.671014431041753,0.270895469948993,0.552472644124792,0.445792044201907,0.154258254566603,0.590895361263541
2019-09-10,"F",2019-09-10,"LANDSAT_7",0,"1.90",0.020935,0.01626,0.028415,0.02105875,0.00569999999999998,0.00572749999999999,0,1,26,0,406,414.230769230769,"2_LE07_018050_20190910",24,9,NA,106.7106638,61.24812868,60641.452,295.408587349786,294.74121983846,295.926375071208,0.0108852624893139,0.594981674533848,103503.878,295.816833241781,294.74121983846,297.225536982218,0.023555995201054,0.633250365624174,151268.502,296.105649493989,294.74121983846,297.316012064616,0.0350845408191063,0.563623783285373,0.00226965546607971,295.926375071208,0.477542342519234,20993.362,0.77212560099721,0.736758754179131,0.776689754000478,1.35729639359924,0.212305042425877,0.151201106001983,0.175257731958763,0.166446933293522,0.780866482498593,0.446986995316764,0.666029851884659,0.656179734521164,0.64718936344445,0.656137570062348,0.112844383885835,0.316455729906504,0.682068212119293,0.690515335301535,0.64778339315102,0.692480872159347,0.171699344167908,0.357331988763339,0.743162911914851,0.69678524025265,0.64778339315102,0.659391725895791,0.208703657644215,0.351668982603652,0.0463965246075508,0.671014431041753,0.270895469948993,0.554225446106005,0.426805597679012,0.150189757961911,0.591832335747757
2019-09-10,"P",2019-09-10,"LANDSAT_7",0,"2.50",0.02174625,0.01624625,0.0282225,0.0237675,0.00990749999999998,0.00800999999999999,0,1,24,0,109,117,"2_LE07_018050_20190910",24,9,NA,106.7106638,61.24812868,60641.452,295.408587349786,294.74121983846,295.926375071208,0.0108852624893139,0.594981674533848,103503.878,295.816833241781,294.74121983846,297.225536982218,0.023555995201054,0.633250365624174,151268.502,296.105649493989,294.74121983846,297.316012064616,0.0350845408191063,0.563623783285373,0.00226965546607971,295.926375071208,0.477542342519234,20993.362,0.683548963921321,0.770528833377624,0.747082830373053,1.29780996723573,0.216857746432232,0.151096819830605,0.173896129157752,0.185173401516722,0.789312045199772,0.449967431664458,0.666029851884659,0.656179734521164,0.64718936344445,0.656137570062348,0.112844383885835,0.316455729906504,0.682068212119293,0.690515335301535,0.64778339315102,0.692480872159347,0.171699344167908,0.357331988763339,0.743162911914851,0.69678524025265,0.64778339315102,0.659391725895791,0.208703657644215,0.351668982603652,0.0463965246075508,0.671014431041753,0.270895469948993,0.55266068393245,0.43474527702856,0.148454857460008,0.591416622805883
2019-09-26,"B",2019-09-26,"LANDSAT_7",0,"2.00",0.031715,0.0205225,0.040075,0.0199175,0.00625,0.00498499999999998,0,1,25,0,361,368.36,"2_LE07_018050_20190926",46,9,NA,119.02349967,59.56655476,62398.511,295.761069403754,295.673756281535,295.868515650431,0.0323908630836804,0.184385787842738,100587.043,295.770939890544,295.632225672404,295.939265569051,0.0384204987514813,0.33508263007496,142476.533,295.740192958287,295.484769821167,295.939265569051,0.0396180335509548,0.436246427956986,0.0183739244937442,295.673756281535,0.108788829964443,20175.081,1.03037529810468,0.791391141609482,0.647091281727889,1.26359766671922,0.272801990578121,0.183529819129361,0.257731958762887,0.158557101504051,0.78197047762293,0.446017455781971,0.691411422160935,0.684400141731573,0.716172871023041,0.651400335492274,0.335786756800454,0.0769612383438828,0.653397286057331,0.686804910192314,0.713755210335484,0.596839068967249,0.280064361630597,0.162756335699707,0.678346555759337,0.666470959946716,0.702837290283797,0.54347173113334,0.23569545870551,0.247868553870126,0.375601606786492,0.651226126826728,0.0557832227951098,0.558787589925257,0.439650211863885,0.142595572986095,0.591177534715281
2019-09-26,"F",2019-09-26,"LANDSAT_7",0,"2.75",0.02301125,0.01164,0.0320175,0.010705,0.00239999999999999,0.00239999999999998,0,1,26,0,227,234.692307692308,"2_LE07_018050_20190926",46,9,NA,119.02349967,59.56655476,62398.511,295.761069403754,295.673756281535,295.868515650431,0.0323908630836804,0.184385787842738,100587.043,295.770939890544,295.632225672404,295.939265569051,0.0384204987514813,0.33508263007496,142476.533,295.740192958287,295.484769821167,295.939265569051,0.0396180335509548,0.436246427956986,0.0183739244937442,295.673756281535,0.108788829964443,20175.081,1.0873423633816,0.718708518778793,0.505839535010049,1.39138464881308,0.223956878103159,0.116160952418761,0.200739155806263,0.0948680979023042,0.774242511752571,0.442642021846028,0.691411422160935,0.684400141731573,0.716172871023041,0.651400335492274,0.335786756800454,0.0769612383438828,0.653397286057331,0.686804910192314,0.713755210335484,0.596839068967249,0.280064361630597,0.162756335699707,0.678346555759337,0.666470959946716,0.702837290283797,0.54347173113334,0.23569545870551,0.247868553870126,0.375601606786492,0.651226126826728,0.0557832227951098,0.559793949071714,0.422561808956452,0.134318531799404,0.592070556964336
2019-09-26,"P",2019-09-26,"LANDSAT_7",0,"2.50",0.028525,0.01802,0.03478125,0.01901,0.00422874999999998,0.00267499999999998,0,1,26,0,109,117.115384615385,"2_LE07_018050_20190926",46,9,NA,119.02349967,59.56655476,62398.511,295.761069403754,295.673756281535,295.868515650431,0.0323908630836804,0.184385787842738,100587.043,295.770939890544,295.632225672404,295.939265569051,0.0384204987514813,0.33508263007496,142476.533,295.740192958287,295.484769821167,295.939265569051,0.0396180335509548,0.436246427956986,0.0183739244937442,295.673756281535,0.108788829964443,20175.081,0.947922146238822,0.820125786163522,0.631726555652936,1.21932515337423,0.254899832451437,0.164549735938449,0.220287881735071,0.152283259358208,0.777913295540992,0.443001110562618,0.691411422160935,0.684400141731573,0.716172871023041,0.651400335492274,0.335786756800454,0.0769612383438828,0.653397286057331,0.686804910192314,0.713755210335484,0.596839068967249,0.280064361630597,0.162756335699707,0.678346555759337,0.666470959946716,0.702837290283797,0.54347173113334,0.23569545870551,0.247868553870126,0.375601606786492,0.651226126826728,0.0557832227951098,0.557331002981009,0.44640601076626,0.141695233885874,0.590868142171606
2019-10-12,"E",2019-10-11,"LANDSAT_7",-1,"2.50",0.02781,0.01714,0.02672375,0.01263,0.00677249999999998,0.0051775,0,1,24,0,16,24.25,"2_LE07_018050_20191012",35,9,NA,129.55962285,56.71488585,55729.277421875,294.851265801324,294.518864949544,295.514590581258,0.0156022997313698,0.297732316847319,92693.9145976563,294.932691319783,294.518864949544,295.514590581258,0.046208354991073,0.290494994737835,133029.094785156,294.932852608817,294.518864949544,295.514590581258,0.0662429446408836,0.241991648581456,0.00529850423333755,294.520341873169,0.480097057847875,18504.64,1.35708630245447,1.04064736423593,0.616325062927005,0.96094030924128,0.25088727976787,0.157875420970216,0.163295078778448,0.108176247908639,0.783019272991051,0.446268817883584,0.595071105329185,0.61155947409179,0.630740869362985,0.622422754134107,0.161744551600568,0.143074587781214,0.575812060694509,0.619033469212586,0.631319801642643,0.565261999627664,0.336839293570791,0.133659732580312,0.608697934376511,0.599502827582861,0.631319801642643,0.50771473264503,0.394216569452057,0.0895693857744059,0.108312554799286,0.560876096932724,0.27238576234343,0.564559145926562,0.498252813057126,0.1407927403409,0.589062454214597
2019-10-12,"F",2019-10-11,"LANDSAT_7",-1,"2.75",0.025115,0.0170575,0.027755,0.01329,0.00693749999999998,0.0078175,0,1,21,0,60,64.9047619047619,"2_LE07_018050_20191012",35,9,NA,129.55962285,56.71488585,55729.277421875,294.851265801324,294.518864949544,295.514590581258,0.0156022997313698,0.297732316847319,92693.9145976563,294.932691319783,294.518864949544,295.514590581258,0.046208354991073,0.290494994737835,133029.094785156,294.932852608817,294.518864949544,295.514590581258,0.0662429446408836,0.241991648581456,0.00529850423333755,294.520341873169,0.480097057847875,18504.64,1.28348382242287,0.904882003242659,0.679175791359745,1.10511646426438,0.235763042729808,0.157249703941944,0.170589379498152,0.112739042196526,0.783350471528352,0.449716069562845,0.595071105329185,0.61155947409179,0.630740869362985,0.622422754134107,0.161744551600568,0.143074587781214,0.575812060694509,0.619033469212586,0.631319801642643,0.565261999627664,0.336839293570791,0.133659732580312,0.608697934376511,0.599502827582861,0.631319801642643,0.50771473264503,0.394216569452057,0.0895693857744059,0.108312554799286,0.560876096932724,0.27238576234343,0.563258911683817,0.466333034997788,0.144475654569851,0.590070010008694
2019-11-13,"B",2019-11-13,"LANDSAT_7",0,"2.00",0.019945,0.00902749999999999,0.0162325,0.0128775,0.00201499999999998,0.00256499999999998,0,1,21,0,52,59.6190476190476,"2_LE07_018050_20191113",32,9,NA,141.92539727,49.20682937,41667.58,293.380653381348,292.994524002075,293.620827992757,0.0110308080910677,0.700068382720371,61581.852,293.231392033895,292.861565272013,293.620827992757,0.0304216951129384,0.9019731369726,92709.004,293.360999152774,292.861565272013,293.743398030599,0.0376364946362919,0.946412418214116,0.00375554263587219,293.620827992757,0.454830143340648,16549.732,0.701028926422053,1.22870783921146,0.452619704186512,0.813863123589872,0.20674920024863,0.09634657985682,0.0890877261233224,0.109887295766597,0.773469715165535,0.442857475075982,0.391943059363145,0.493819348393997,0.51797917936904,0.467371122415639,0.114353213257044,0.377751248353951,0.269997146113279,0.481485362166331,0.508610087316782,0.424449674228921,0.221751583606712,0.532692708567172,0.311449233368427,0.469119042887887,0.508610087316782,0.358582970292937,0.223897644670416,0.66360531004183,0.0767711791168532,0.490414773235172,0.257646315603958,0.552969478497464,0.54246768921578,0.131199966953937,0.5880346249556
2019-11-13,"F",2019-11-13,"LANDSAT_7",0,"2.00",0.0157925,0.00631874999999999,0.01285,0.00778999999999999,0.0019875,0.00256499999999998,0,1,22,0,28,35.4090909090909,"2_LE07_018050_20191113",32,9,NA,141.92539727,49.20682937,41667.58,293.380653381348,292.994524002075,293.620827992757,0.0110308080910677,0.700068382720371,61581.852,293.231392033895,292.861565272013,293.620827992757,0.0304216951129384,0.9019731369726,92709.004,293.360999152774,292.861565272013,293.743398030599,0.0376364946362919,0.946412418214116,0.00375554263587219,293.620827992757,0.454830143340648,16549.732,0.811136071887035,1.22898832684825,0.400110812094348,0.813677378502454,0.183445528894066,0.0758022040952284,0.0651624197626922,0.0747157564641393,0.773414515409318,0.442857475075982,0.391943059363145,0.493819348393997,0.51797917936904,0.467371122415639,0.114353213257044,0.377751248353951,0.269997146113279,0.481485362166331,0.508610087316782,0.424449674228921,0.221751583606712,0.532692708567172,0.311449233368427,0.469119042887887,0.508610087316782,0.358582970292937,0.223897644670416,0.66360531004183,0.0767711791168532,0.490414773235172,0.257646315603958,0.554914590684487,0.542533634631085,0.128123061551963,0.588033326900876
2019-11-13,"P",2019-11-13,"LANDSAT_7",0,"2.50",0.0139775,0.00459999999999999,0.00855999999999998,0.0081475,0.00212499999999998,-0.00023999999999999,0,1,26,0,213,218.230769230769,"2_LE07_018050_20191113",32,9,NA,141.92539727,49.20682937,41667.58,293.380653381348,292.994524002075,293.620827992757,0.0110308080910677,0.700068382720371,61581.852,293.231392033895,292.861565272013,293.620827992757,0.0304216951129384,0.9019731369726,92709.004,293.360999152774,292.861565272013,293.743398030599,0.0376364946362919,0.946412418214116,0.00375554263587219,293.620827992757,0.454830143340648,16549.732,0.564590365142681,1.6328855140187,0.329100339831872,0.612412806295831,0.17325981823578,0.0627664326728987,0.034818128768722,0.0771872700367445,0.773690514190402,0.439194770166767,0.391943059363145,0.493819348393997,0.51797917936904,0.467371122415639,0.114353213257044,0.377751248353951,0.269997146113279,0.481485362166331,0.508610087316782,0.424449674228921,0.221751583606712,0.532692708567172,0.311449233368427,0.469119042887887,0.508610087316782,0.358582970292937,0.223897644670416,0.66360531004183,0.0767711791168532,0.490414773235172,0.257646315603958,0.550559205238599,0.637493854815012,0.123962004310123,0.58662681633163
2020-01-16,"R",2020-01-16,"LANDSAT_7",0,"2.50",0.02103125,0.005975,0.0205225,0.0021525,0.003555,0.00330749999999999,0,1,24,0,98,105.541666666667,"2_LE07_018050_20200116",58,9,NA,137.53083936,42.53287875,46960.188,292.845141304864,292.592768351237,293.010892868042,0.00658235847930655,0.803792298260148,78176.848,293.002289581299,292.592768351237,293.260744094849,0.00840497910957083,0.695328985719742,101832.08,292.794999440511,291.584279378255,293.260744094849,0.0110718786714514,0.698599518844549,0.00259904861439963,292.592768351237,0.978923922203171,16595.088,2.77584204413473,1.02478986478256,0.284101040118871,0.975809806835067,0.212845193748665,0.0731950498107626,0.119432017117292,0.0357418885884433,0.776560901513679,0.443827014610774,0.468397351391346,0.450945197229858,0.488259682409825,0.41743274212251,0.0682374162168567,0.438251870060791,0.43311707004266,0.462962690149933,0.488707836802116,0.397675330226697,0.0612455965697331,0.397842703392255,0.378706584167756,0.422169892292832,0.414037337885613,0.317944231146369,0.0657355229236565,0.461661368483744,0.0531300123725379,0.409884116889605,0.563376258918697,0.589622361142033,0.494524558225226,0.121325144478288,0.589166367711621
2020-02-01,"B",2020-01-31,"LANDSAT_7",-1,"1.70",0.050415,0.0292125,0.0509925,0.0311925,0.0132075,0.0083125,0,1,25,0,3,8.68,"2_LE07_018050_20200201",26,9,NA,132.65456458,44.37085106,59224.5,294.978377448188,294.449873606364,295.842135111491,0.000908999768739704,0.231794417928058,99126.876,294.364422480265,293.021365483602,295.842135111491,0.000947331515760652,0.20205670828938,134255.84,293.670223871867,291.816954930623,295.842135111491,0.00150267561571127,0.277177053885106,1.98483456870235e-06,295.842135111491,0.269927148770905,21808.632,0.936523202692955,0.9886748051184,0.579440642665873,1.01145492412972,0.377745676148342,0.24943867944066,0.334954289048823,0.236504837255444,0.795936015945795,0.450362429252707,0.645561292339357,0.621736282798235,0.625637299544928,0.649240431377,0.0094233390289391,0.104613989201822,0.639044626378221,0.573089581610073,0.520442007988188,0.589616851314884,0.00687794755998238,0.0759474609629945,0.617741773675466,0.494768946217986,0.431265091531365,0.535293491952856,0.00876178535016382,0.118242144337072,4.05741872654261e-05,0.664415690100516,0.149783211082425,0.557129633452114,0.486033550794128,0.138631394568246,0.58941546885082
2020-02-01,"E",2020-01-31,"LANDSAT_7",-1,"2.00",0.043485,0.019065,0.0448325,0.015105,0.00729499999999999,0.00525999999999998,0,1,13,0,70,73.4615384615385,"2_LE07_018050_20200201",26,9,NA,132.65456458,44.37085106,59224.5,294.978377448188,294.449873606364,295.842135111491,0.000908999768739704,0.231794417928058,99126.876,294.364422480265,293.021365483602,295.842135111491,0.000947331515760652,0.20205670828938,134255.84,293.670223871867,291.816954930623,295.842135111491,0.00150267561571127,0.277177053885106,1.98483456870235e-06,295.842135111491,0.269927148770905,21808.632,1.26216484607746,0.969943679250544,0.43842704380821,1.03098769690698,0.338854780907613,0.172475484963225,0.291382999416456,0.125286726488213,0.784068068359171,0.446376544498561,0.645561292339357,0.621736282798235,0.625637299544928,0.649240431377,0.0094233390289391,0.104613989201822,0.639044626378221,0.573089581610073,0.520442007988188,0.589616851314884,0.00687794755998238,0.0759474609629945,0.617741773675466,0.494768946217986,0.431265091531365,0.535293491952856,0.00876178535016382,0.118242144337072,4.05741872654261e-05,0.664415690100516,0.149783211082425,0.562882298517349,0.481629677993811,0.130368308321534,0.589551971023342
2020-02-01,"F",2020-01-31,"LANDSAT_7",-1,"1.75",0.0387,0.0175525,0.04321,0.01395,0.00404999999999999,0.00206999999999998,0,1,26,0,98,104.961538461538,"2_LE07_018050_20200201",26,9,NA,132.65456458,44.37085106,59224.5,294.978377448188,294.449873606364,295.842135111491,0.000908999768739704,0.231794417928058,99126.876,294.364422480265,293.021365483602,295.842135111491,0.000947331515760652,0.20205670828938,134255.84,293.670223871867,291.816954930623,295.842135111491,0.00150267561571127,0.277177053885106,1.98483456870235e-06,295.842135111491,0.269927148770905,21808.632,1.25824372759857,0.895626012497107,0.453552971576227,1.11653746770026,0.312001543717586,0.161004006111575,0.279906632950788,0.117301836484412,0.777554497125582,0.442211115386121,0.645561292339357,0.621736282798235,0.625637299544928,0.649240431377,0.0094233390289391,0.104613989201822,0.639044626378221,0.573089581610073,0.520442007988188,0.589616851314884,0.00687794755998238,0.0759474609629945,0.617741773675466,0.494768946217986,0.431265091531365,0.535293491952856,0.00876178535016382,0.118242144337072,4.05741872654261e-05,0.664415690100516,0.149783211082425,0.562813029485736,0.464156860101955,0.13125465436703,0.590149824165095
2020-02-01,"P",2020-01-31,"LANDSAT_7",-1,"2.00",0.05806,0.032485,0.0571525,0.024785,0.0100175,0.0051225,0,1,14,0,16,22.1428571428571,"2_LE07_018050_20200201",26,9,NA,132.65456458,44.37085106,59224.5,294.978377448188,294.449873606364,295.842135111491,0.000908999768739704,0.231794417928058,99126.876,294.364422480265,293.021365483602,295.842135111491,0.000947331515760652,0.20205670828938,134255.84,293.670223871867,291.816954930623,295.842135111491,0.00150267561571127,0.277177053885106,1.98483456870235e-06,295.842135111491,0.269927148770905,21808.632,1.31067177728465,1.01587857049123,0.559507406131588,0.984369617636927,0.420649124072638,0.274258788228775,0.37852557868119,0.192207709377213,0.78953284422464,0.446197000140266,0.645561292339357,0.621736282798235,0.625637299544928,0.649240431377,0.0094233390289391,0.104613989201822,0.639044626378221,0.573089581610073,0.520442007988188,0.589616851314884,0.00687794755998238,0.0759474609629945,0.617741773675466,0.494768946217986,0.431265091531365,0.535293491952856,0.00876178535016382,0.118242144337072,4.05741872654261e-05,0.664415690100516,0.149783211082425,0.56373920405829,0.492429424872215,0.137463350819323,0.589226186805621
2020-02-17,"R",2020-02-17,"LANDSAT_7",0,"2.00",0.023685,0.014335,0.03577125,0.00978374999999999,0.00257874999999999,0.00135499999999999,0,1,24,0,193,199.791666666667,"2_LE07_018050_20200217",23,9,NA,126.70930797,47.39130373,53171.486,293.402143054538,292.983140945435,293.795039494832,0.00723397370122569,1.01736579686757,99817.166,293.858331934611,292.983140945435,294.847156524658,0.00724638914660858,0.82708229720204,135958.674,293.877362659999,292.983140945435,294.847156524658,0.00730349337643332,0.735664746125572,0.00155522461682267,293.428248723348,1.02175941432924,20468.426,1.4651846173502,0.662123912359786,0.605235381042854,1.51029132362255,0.227737937362674,0.136601042008974,0.227290410425987,0.0884991975421294,0.77460131016798,0.441277484722987,0.558122566477402,0.495539853938643,0.517137128444571,0.481634672569641,0.0749925237138309,0.562826124499717,0.645829807422508,0.532172738156288,0.517611788310783,0.51563437358265,0.0527992585442098,0.483821109398337,0.630295445670638,0.511950916362817,0.517611788310783,0.451517783827955,0.0432990678057582,0.49186600315336,0.0317920575537026,0.47532952493078,0.588364329961986,0.566468770854284,0.409258208794705,0.140142909412538,0.592901520372549
2020-03-04,"B",2020-03-04,"LANDSAT_7",0,"2.25",0.020825,0.0142525,0.0331725,0.012025,0.000805,0.00173999999999999,0,1,25,0,211,218.76,"2_LE07_018050_20200304",1,9,NA,119.59408382,51.09815933,61183.8623383789,293.422633065118,290.481669743856,295.69201596578,0.0023326557786163,0.573519808289315,69500.8743383789,291.555161539714,288.622073491414,295.69201596578,0.010509666247799,0.890501161432509,96795.5503383789,292.390435900007,288.622073491414,296.189704259237,0.0247683847383655,0.865096586929544,1.05601461655169e-05,295.69201596578,0.577416874821458,25143.4863383789,1.18523908523909,0.62777903383827,0.684393757503001,1.59291716686675,0.211687726628405,0.135975324980702,0.208908772612332,0.103993686478077,0.771040925891993,0.441780208926213,0.673865232553232,0.497180324526591,0.332093145581301,0.636949440607614,0.0241819712123709,0.303937341605926,0.347836895000922,0.345964038340305,0.194709811864392,0.57845461475852,0.0765891603634286,0.525206428643117,0.341576164311243,0.388611722249869,0.194709811864392,0.564558294090424,0.147282663033932,0.597340642131264,0.00021587156674225,0.652656456641774,0.329157247384353,0.561523356422621,0.401183388443908,0.144781415890911,0.59347894003733
2020-03-04,"F",2020-03-04,"LANDSAT_7",0,"2.25",0.0216225,0.0140875,0.03274625,0.01613625,0.003335,0.0017675,0,1,26,0,365,372.769230769231,"2_LE07_018050_20200304",1,9,NA,119.59408382,51.09815933,61183.8623383789,293.422633065118,290.481669743856,295.69201596578,0.0023326557786163,0.573519808289315,69500.8743383789,291.555161539714,288.622073491414,295.69201596578,0.010509666247799,0.890501161432509,96795.5503383789,292.390435900007,288.622073491414,296.189704259237,0.0247683847383655,0.865096586929544,1.05601461655169e-05,295.69201596578,0.577416874821458,25143.4863383789,0.873034317143078,0.660304615032256,0.651520406983466,1.51445253786565,0.216163266160076,0.134723890924159,0.205893794981521,0.132416092563036,0.776119303463944,0.441816117797872,0.673865232553232,0.497180324526591,0.332093145581301,0.636949440607614,0.0241819712123709,0.303937341605926,0.347836895000922,0.345964038340305,0.194709811864392,0.57845461475852,0.0765891603634286,0.525206428643117,0.341576164311243,0.388611722249869,0.194709811864392,0.564558294090424,0.147282663033932,0.597340642131264,0.00021587156674225,0.652656456641774,0.329157247384353,0.556008062236168,0.408830474013949,0.142855109968916,0.592930600462252
2020-03-04,"P",2020-03-04,"LANDSAT_7",0,"2.00",0.02383625,0.0167825,0.03566125,0.0168375,0.00480624999999999,0.00190499999999999,0,1,18,0,250,256.444444444444,"2_LE07_018050_20200304",1,9,NA,119.59408382,51.09815933,61183.8623383789,293.422633065118,290.481669743856,295.69201596578,0.0023326557786163,0.573519808289315,69500.8743383789,291.555161539714,288.622073491414,295.69201596578,0.010509666247799,0.890501161432509,96795.5503383789,292.390435900007,288.622073491414,296.189704259237,0.0247683847383655,0.865096586929544,1.05601461655169e-05,295.69201596578,0.577416874821458,25143.4863383789,0.996733481811433,0.668407585264117,0.704074676175992,1.49609313545545,0.228586746584198,0.155163980514371,0.226512351682552,0.137264061493915,0.779072490421546,0.441995662156167,0.673865232553232,0.497180324526591,0.332093145581301,0.636949440607614,0.0241819712123709,0.303937341605926,0.347836895000922,0.345964038340305,0.194709811864392,0.57845461475852,0.0765891603634286,0.525206428643117,0.341576164311243,0.388611722249869,0.194709811864392,0.564558294090424,0.147282663033932,0.597340642131264,0.00021587156674225,0.652656456641774,0.329157247384353,0.558193286017102,0.410735562392385,0.145934674369008,0.592802298231751
2020-03-04,"R",2020-03-04,"LANDSAT_7",0,"2.75",0.01989,0.0105675,0.02495,0.012135,0.00336249999999999,0.00179499999999999,0,1,21,0,312,317.666666666667,"2_LE07_018050_20200304",1,9,NA,119.59408382,51.09815933,61183.8623383789,293.422633065118,290.481669743856,295.69201596578,0.0023326557786163,0.573519808289315,69500.8743383789,291.555161539714,288.622073491414,295.69201596578,0.010509666247799,0.890501161432509,96795.5503383789,292.390435900007,288.622073491414,296.189704259237,0.0247683847383655,0.865096586929544,1.05601461655169e-05,295.69201596578,0.577416874821458,25143.4863383789,0.870828182941904,0.797194388777555,0.531297134238311,1.25439919557567,0.206440542349894,0.108026631051227,0.150748881540556,0.104754152192725,0.776174503220161,0.441852026669531,0.673865232553232,0.497180324526591,0.332093145581301,0.636949440607614,0.0241819712123709,0.303937341605926,0.347836895000922,0.345964038340305,0.194709811864392,0.57845461475852,0.0765891603634286,0.525206428643117,0.341576164311243,0.388611722249869,0.194709811864392,0.564558294090424,0.147282663033932,0.597340642131264,0.00021587156674225,0.652656456641774,0.329157247384353,0.555969089483739,0.441014612623203,0.135810291032283,0.591113252428824
2020-05-15,"B",2020-05-16,"LANDSAT_8",1,"2..5",0.0685830698312206,0.0451667989512834,0.0697134549089895,0.037198118392692,0.0431719719869313,0.0762857632788627,0,1,25,0,435,443.12,"1_LC08_018050_20200515",32.99,9,9,75.28471462,66.55517125,65122.048,296.520809597439,295.554593404134,297.188697179159,0.00901560783375999,0.481763413164957,98000.552,296.156730906169,295.063112258911,297.188697179159,0.035019722580806,0.584701569825932,138591.844,296.180338269188,295.063112258911,297.284427007039,0.0407048374413357,0.598310288060429,0.0085643082857132,296.819138209025,0.211345891126369,19315.744,1.21422267853626,0.983785266714372,0.658570680234008,1.01648198426449,0.479704189933658,0.3704432434159,0.467372494979679,0.27802362709999,0.85608261772199,0.539120363337144,0.7307542363553,0.74522643742109,0.707357909079918,0.759490072525196,0.0934622120831446,0.25041719707886,0.627973464613564,0.717995673836803,0.671616938461336,0.689741617319557,0.255272065818516,0.325650446726284,0.649707762131037,0.702980604806029,0.671616938461336,0.656732311311704,0.242166141716805,0.379935184689855,0.175072448688029,0.740946951049287,0.115609852608601,0.562035369882855,0.484883971994887,0.143268240449977,0.58945059978884
2020-05-15,"E",2020-05-16,"LANDSAT_8",1,"2.50",0.0382121452161639,0.0177426257474401,0.0496224184136867,0.00883213237864056,0.00443621400545096,0.0164154556953797,0,1,25,0,564,571.12,"1_LC08_018050_20200515",32.99,9,9,75.28471462,66.55517125,65122.048,296.520809597439,295.554593404134,297.188697179159,0.00901560783375999,0.481763413164957,98000.552,296.156730906169,295.063112258911,297.188697179159,0.035019722580806,0.584701569825932,138591.844,296.180338269188,295.063112258911,297.284427007039,0.0407048374413357,0.598310288060429,0.0085643082857132,296.819138209025,0.211345891126369,19315.744,2.00887226173698,0.770058099498519,0.464319018130783,1.29860331402426,0.309263721309093,0.162446005113832,0.325263343981091,0.0819203559557796,0.778329730541888,0.460943083657205,0.7307542363553,0.74522643742109,0.707357909079918,0.759490072525196,0.0934622120831446,0.25041719707886,0.627973464613564,0.717995673836803,0.671616938461336,0.689741617319557,0.255272065818516,0.325650446726284,0.649707762131037,0.702980604806029,0.671616938461336,0.656732311311704,0.242166141716805,0.379935184689855,0.175072448688029,0.740946951049287,0.115609852608601,0.5760733560841,0.434634602841594,0.131885520978031,0.591422167003905
2020-05-15,"F",2020-05-16,"LANDSAT_8",1,"2.50",0.0361732989770877,0.0195123127013619,0.0510505151151296,0.0142224124013663,0.012689511494911,0.0310705332719656,0,1,26,0,444,451.692307692308,"1_LC08_018050_20200515",32.99,9,9,75.28471462,66.55517125,65122.048,296.520809597439,295.554593404134,297.188697179159,0.00901560783375999,0.481763413164957,98000.552,296.156730906169,295.063112258911,297.188697179159,0.035019722580806,0.584701569825932,138591.844,296.180338269188,295.063112258911,297.284427007039,0.0407048374413357,0.598310288060429,0.0085643082857132,296.819138209025,0.211345891126369,19315.744,1.37194114125726,0.708578530412658,0.539412031889076,1.41127617769851,0.297821794109112,0.175868105256612,0.335364645117714,0.119185111861539,0.794896276338375,0.480079349106291,0.7307542363553,0.74522643742109,0.707357909079918,0.759490072525196,0.0934622120831446,0.25041719707886,0.627973464613564,0.717995673836803,0.671616938461336,0.689741617319557,0.255272065818516,0.325650446726284,0.649707762131037,0.702980604806029,0.671616938461336,0.656732311311704,0.242166141716805,0.379935184689855,0.175072448688029,0.740946951049287,0.115609852608601,0.564821566025363,0.420180148582811,0.136285806157879,0.592209566255982
2020-05-15,"P",2020-05-16,"LANDSAT_8",1,"2.50",0.0266740473606123,0.0116965750888176,0.0433909658119113,0.0053662068619281,0.00172553485769089,0.0131789315913086,0,1,26,0,463,470.961538461538,"1_LC08_018050_20200515",32.99,9,9,75.28471462,66.55517125,65122.048,296.520809597439,295.554593404134,297.188697179159,0.00901560783375999,0.481763413164957,98000.552,296.156730906169,295.063112258911,297.188697179159,0.035019722580806,0.584701569825932,138591.844,296.180338269188,295.063112258911,297.284427007039,0.0407048374413357,0.598310288060429,0.0085643082857132,296.819138209025,0.211345891126369,19315.744,2.1796727911855,0.614737350540604,0.438500199489378,1.62671098335019,0.24451235695447,0.116590043284812,0.281186651425519,0.0579592875468475,0.772888682245944,0.456716904432687,0.7307542363553,0.74522643742109,0.707357909079918,0.759490072525196,0.0934622120831446,0.25041719707886,0.627973464613564,0.717995673836803,0.671616938461336,0.689741617319557,0.255272065818516,0.325650446726284,0.649707762131037,0.702980604806029,0.671616938461336,0.656732311311704,0.242166141716805,0.379935184689855,0.175072448688029,0.740946951049287,0.115609852608601,0.579090655188324,0.398117159817283,0.130372595083291,0.593715103608186
2020-05-15,"R",2020-05-16,"LANDSAT_8",1,"2.50",0.0233154146332773,0.0101450928500638,0.0425218704996815,0.0064263073954522,0.00179877212418896,0.0130086005040577,0,1,24,0,316,323.583333333333,"1_LC08_018050_20200515",32.99,9,9,75.28471462,66.55517125,65122.048,296.520809597439,295.554593404134,297.188697179159,0.00901560783375999,0.481763413164957,98000.552,296.156730906169,295.063112258911,297.188697179159,0.035019722580806,0.584701569825932,138591.844,296.180338269188,295.063112258911,297.284427007039,0.0407048374413357,0.598310288060429,0.0085643082857132,296.819138209025,0.211345891126369,19315.744,1.57868153914382,0.548315828050225,0.435123844445127,1.82376642957022,0.225663838404562,0.10482290563815,0.275039313184075,0.0652881067270733,0.773035688764369,0.45649448999081,0.7307542363553,0.74522643742109,0.707357909079918,0.759490072525196,0.0934622120831446,0.25041719707886,0.627973464613564,0.717995673836803,0.671616938461336,0.689741617319557,0.255272065818516,0.325650446726284,0.649707762131037,0.702980604806029,0.671616938461336,0.656732311311704,0.242166141716805,0.379935184689855,0.175072448688029,0.740946951049287,0.115609852608601,0.568473765578632,0.382500803474657,0.13017474811565,0.595092199262912
2020-07-02,"F",2020-07-02,"LANDSAT_8",0,"2.25",0.0241763228097463,0.0316034658484117,0.0395083923175713,0.025864175745257,0.028288889369481,0.0536673629027128,0,1,26,0,331,339.192307692308,"1_LC08_018050_20200702",68.82,9,9,66.96112143,64.09450113,66067.86,295.650999916924,295.627969106038,295.672780990601,0.00224182786327631,0.618619097313199,99976.14,295.525305175781,295.106508255005,295.672780990601,0.00433020474288881,0.5954170130764,151640.488,295.676813943045,295.106508255005,296.170739491781,0.0046939623490907,0.668304697918669,0.000842493296829616,295.672780990601,0.597004563679353,22612.316,1.22190114077798,0.611928792632595,1.30720730762543,1.63417706772364,0.23049522220008,0.267572837566327,0.25372419456824,0.199668401689462,0.826208343822406,0.509585772928476,0.74441694987041,0.6755877619102,0.712785807716983,0.635374578845279,0.0232403843506633,0.330243088070299,0.647392436710683,0.66694562363365,0.674830063013144,0.577024381845276,0.0315397275574227,0.332643035526966,0.745905275663047,0.661213729480524,0.674830063013144,0.562961489049516,0.0277622738767672,0.43697397100713,0.0172223324474743,0.651149729684117,0.3405837196031,0.562171014762403,0.397456840097772,0.181276917899039,0.593767279341188
2020-07-02,"R",2020-07-02,"LANDSAT_8",0,"3.25",0.0456629347705666,0.0314180453264665,0.0398938863827029,0.0306550026437602,0.0284732067440045,0.0418972655863954,0,1,24,0,305,312.5,"1_LC08_018050_20200702",68.82,9,9,66.96112143,64.09450113,66067.86,295.650999916924,295.627969106038,295.672780990601,0.00224182786327631,0.618619097313199,99976.14,295.525305175781,295.106508255005,295.672780990601,0.00433020474288881,0.5954170130764,151640.488,295.676813943045,295.106508255005,296.170739491781,0.0046939623490907,0.668304697918669,0.000842493296829616,295.672780990601,0.597004563679353,22612.316,1.02489129397813,1.14460983651783,0.688042621095785,0.873660148721271,0.351077267632468,0.266166525106059,0.25645089482204,0.23278894351786,0.826578317427505,0.494216648785014,0.74441694987041,0.6755877619102,0.712785807716983,0.635374578845279,0.0232403843506633,0.330243088070299,0.647392436710683,0.66694562363365,0.674830063013144,0.577024381845276,0.0315397275574227,0.332643035526966,0.745905275663047,0.661213729480524,0.674830063013144,0.562961489049516,0.0277622738767672,0.43697397100713,0.0172223324474743,0.651149729684117,0.3405837196031,0.558690711532713,0.522695417691034,0.144995231259173,0.588452508475459
2020-07-18,"E",2020-07-18,"LANDSAT_8",0,"3.00",0.0267615041478332,0.0154602077599449,0.0332218924462161,0.0111481036902917,0.0172085468362354,0.0419825351057748,0,1,25,0,74,81.44,"1_LC08_018050_20200718",31.42,9,9,71.89977258,64.09312504,62309.916,295.12259165446,294.72100575765,295.461292266846,0.0144628915808944,0.802946456134158,104511.414,295.384958902995,294.72100575765,295.946659723918,0.0173553887627627,0.758886565016997,152951.998,295.448707580566,294.72100575765,295.946659723918,0.0185458335896946,0.704061663516687,0.00408011972893974,294.72100575765,1.06181814476538,19170.83,1.38680157535747,0.805538221254499,0.57770324397841,1.2414060234692,0.245003161103085,0.145135122684624,0.20925813829086,0.0979314175795835,0.803967172672064,0.494327991775116,0.690131624374619,0.633282356082554,0.645694045800723,0.61805895971362,0.149932635180443,0.437758502892555,0.691971751455857,0.655598787534416,0.646286703013937,0.597388867631299,0.12649576083361,0.439318544083495,0.755574019861476,0.642292518512242,0.646286703013937,0.544094307908527,0.110234437166329,0.466112496844125,0.0834062165974833,0.57659463471932,0.611732577934862,0.565084084968622,0.442976330095759,0.138529586832569,0.591022451381747
2020-07-18,"R",2020-07-18,"LANDSAT_8",0,"3.20",0.0183324875966248,0.0095542593891091,0.02639295784745,0.00831624032602938,0.0118450560370291,0.0302182450733675,0,1,24,0,56,63.9583333333333,"1_LC08_018050_20200718",31.42,9,9,71.89977258,64.09312504,62309.916,295.12259165446,294.72100575765,295.461292266846,0.0144628915808944,0.802946456134158,104511.414,295.384958902995,294.72100575765,295.946659723918,0.0173553887627627,0.758886565016997,152951.998,295.448707580566,294.72100575765,295.946659723918,0.0185458335896946,0.704061663516687,0.00408011972893974,294.72100575765,1.06181814476538,19170.83,1.14886763904655,0.694597691648874,0.521165463156682,1.43968229670638,0.197699842246604,0.100341759487943,0.160955299446164,0.078353826696961,0.793201231414336,0.478966450650294,0.690131624374619,0.633282356082554,0.645694045800723,0.61805895971362,0.149932635180443,0.437758502892555,0.691971751455857,0.655598787534416,0.646286703013937,0.597388867631299,0.12649576083361,0.439318544083495,0.755574019861476,0.642292518512242,0.646286703013937,0.544094307908527,0.110234437166329,0.466112496844125,0.0834062165974833,0.57659463471932,0.611732577934862,0.560880831880277,0.416893115224976,0.135216597426496,0.592408078622951
2020-08-19,"E",2020-08-19,"LANDSAT_8",0,"3.50",0.0198576724271704,0.00955425938910908,0.0281208356366554,0.00856600449788607,0.000846793098770165,0.00687749965373924,0,1,25,0,123,130.04,"1_LC08_018050_20200819",36.48,9,9,91.45777395,65.01146133,53743.012,294.627517700195,294.36137453715,295.122004826864,0.0268263995647331,0.546913977665804,87894.23,294.662236531576,294.36137453715,295.122004826864,0.0368818998335669,0.642547565944413,131642.812,294.835052853539,294.36137453715,295.454847335815,0.0426177230470799,0.688094045252816,0.00612395405768851,294.36137453715,0.548740735643814,17179.88,1.11536941072899,0.706155132932323,0.481136921970593,1.41611942385447,0.206259121246243,0.100341759487943,0.173177030550515,0.0800805275100919,0.771124815668853,0.448488638588545,0.566378537013234,0.593645760598197,0.619090664014321,0.590279832852512,0.278101564728399,0.288418555168174,0.528633731368324,0.597167508021609,0.619658903027904,0.536070952486745,0.268847687084943,0.36339907318695,0.598477948530914,0.591390428690739,0.619658903027904,0.502684440778549,0.253555203258811,0.453100406764455,0.125186482873466,0.548423761105021,0.312429030491005,0.560289064544297,0.419610383886161,0.13287101309399,0.592243412634573
2020-08-19,"F",2020-08-19,"LANDSAT_8",0,"3.00",0.0362554240786821,0.0170284764644,0.0284931838716486,0.01327832190744,0.00432628561635235,0.00815468101734447,0,1,26,0,268,273.230769230769,"1_LC08_018050_20200819",36.48,9,9,91.45777395,65.01146133,53743.012,294.627517700195,294.36137453715,295.122004826864,0.0268263995647331,0.546913977665804,87894.23,294.662236531576,294.36137453715,295.122004826864,0.0368818998335669,0.642547565944413,131642.812,294.835052853539,294.36137453715,295.454847335815,0.0426177230470799,0.688094045252816,0.00612395405768851,294.36137453715,0.548740735643814,17179.88,1.28242684452911,1.27242445919696,0.469680796656647,0.78590127120875,0.298282677041687,0.157029576421392,0.175810746912688,0.112658307751032,0.778109075258996,0.450156352831124,0.566378537013234,0.593645760598197,0.619090664014321,0.590279832852512,0.278101564728399,0.288418555168174,0.528633731368324,0.597167508021609,0.619658903027904,0.536070952486745,0.268847687084943,0.36339907318695,0.598477948530914,0.591390428690739,0.619658903027904,0.502684440778549,0.253555203258811,0.453100406764455,0.125186482873466,0.548423761105021,0.312429030491005,0.563240239502517,0.552745898600211,0.1321997093879,0.587839217286587
2020-08-19,"P",2020-08-19,"LANDSAT_8",0,"3.00",0.031016935556298,0.0182436273578153,0.0375622032827202,0.0297664199573984,0.00865242854910198,0.011986639782511,0,1,26,0,18,25.0384615384615,"1_LC08_018050_20200819",36.48,9,9,91.45777395,65.01146133,53743.012,294.627517700195,294.36137453715,295.122004826864,0.0268263995647331,0.546913977665804,87894.23,294.662236531576,294.36137453715,295.122004826864,0.0368818998335669,0.642547565944413,131642.812,294.835052853539,294.36137453715,295.454847335815,0.0426177230470799,0.688094045252816,0.00612395405768851,294.36137453715,0.548740735643814,17179.88,0.612892896892724,0.825748567591794,0.588182779201439,1.2110223853205,0.268884479589479,0.166245826190236,0.239958290977845,0.226645882903245,0.786792785631615,0.455160037031154,0.566378537013234,0.593645760598197,0.619090664014321,0.590279832852512,0.278101564728399,0.288418555168174,0.528633731368324,0.597167508021609,0.619658903027904,0.536070952486745,0.268847687084943,0.36339907318695,0.598477948530914,0.591390428690739,0.619658903027904,0.502684440778549,0.253555203258811,0.453100406764455,0.125186482873466,0.548423761105021,0.312429030491005,0.551412499934182,0.447727982246714,0.139143664510714,0.590810119386505
2020-08-19,"R",2020-08-19,"LANDSAT_8",0,"3.00",0.0225397840233168,0.00700324443697155,0.0229296215019415,0.00555163502832388,4.84823945242208e-06,0.00696264292781633,0,1,24,0,100,106.791666666667,"1_LC08_018050_20200819",36.48,9,9,91.45777395,65.01146133,53743.012,294.627517700195,294.36137453715,295.122004826864,0.0268263995647331,0.546913977665804,87894.23,294.662236531576,294.36137453715,295.122004826864,0.0368818998335669,0.642547565944413,131642.812,294.835052853539,294.36137453715,295.454847335815,0.0426177230470799,0.688094045252816,0.00612395405768851,294.36137453715,0.548740735643814,17179.88,1.26147421457673,0.982998520992085,0.310705924676425,1.0172955285739,0.221311029054276,0.0809937171251731,0.136458216490895,0.0592412126657019,0.769434810178585,0.448599816730416,0.566378537013234,0.593645760598197,0.619090664014321,0.590279832852512,0.278101564728399,0.288418555168174,0.528633731368324,0.597167508021609,0.619658903027904,0.536070952486745,0.268847687084943,0.36339907318695,0.598477948530914,0.591390428690739,0.619658903027904,0.502684440778549,0.253555203258811,0.453100406764455,0.125186482873466,0.548423761105021,0.312429030491005,0.562870098076196,0.484699000300628,0.122884132104048,0.589456285134538
2020-09-20,"B",2020-09-21,"LANDSAT_8",1,"2.75",0.00980384999846184,0.00838961646839485,0.0140386612066851,0.0154212849582873,0.0119184798495505,0.0228046338332853,0,1,24,0,28,35.4583333333333,"1_LC08_018050_20200920",23.34,9,9,119.06874239,63.42638028,63281.956,295.28622033861,294.920901616414,295.549643834432,0.0216939284470641,0.290041789077098,106494.098,295.456627019246,294.920901616414,295.823130289714,0.0365334167148603,0.245565627766958,144084.782,295.344935099284,294.920901616414,295.823130289714,0.0644854052926007,0.237383195217421,0.00398591160774231,294.920901616414,0.272869824497408,21173.162,0.544028366707946,0.698346505704784,0.855747126864561,1.43195389656999,0.149837453880616,0.091508584853432,0.0735701310794512,0.127473307095816,0.793348612379852,0.469285926484854,0.704173214082962,0.64638279068918,0.660481154219248,0.625292735901975,0.224894713570351,0.138588816983507,0.711460473433012,0.66139307300063,0.661087383938704,0.588203731653287,0.266307179821045,0.104340125266022,0.69020292604121,0.633684687543826,0.661087383938704,0.533693314398057,0.383752418464678,0.0858139346288545,0.081480404738066,0.592253011001096,0.151499820054602,0.550195964564471,0.417774498456862,0.154822345852061,0.592354069731292
2020-09-20,"E",2020-09-21,"LANDSAT_8",1,"3.00",-0.0168958067969217,0.00551231524406372,0.0156647682575349,0.012035340210477,0.0102300741625999,0.0188005467515142,0,1,25,0,381,388.8,"1_LC08_018050_20200920",23.34,9,9,119.06874239,63.42638028,63281.956,295.28622033861,294.920901616414,295.549643834432,0.0216939284470641,0.290041789077098,106494.098,295.456627019246,294.920901616414,295.823130289714,0.0365334167148603,0.245565627766958,144084.782,295.344935099284,294.920901616414,295.823130289714,0.0644854052926007,0.237383195217421,0.00398591160774231,294.920901616414,0.272869824497408,21173.162,0.458010753968146,-1.07858645076314,-0.326253449173438,-0.927139404813087,0,0.0696858409560823,0.0850720111583167,0.10406517171035,0.789959536659313,0.464057481061921,0.704173214082962,0.64638279068918,0.660481154219248,0.625292735901975,0.224894713570351,0.138588816983507,0.711460473433012,0.66139307300063,0.661087383938704,0.588203731653287,0.266307179821045,0.104340125266022,0.69020292604121,0.633684687543826,0.661087383938704,0.533693314398057,0.383752418464678,0.0858139346288545,0.081480404738066,0.592253011001096,0.151499820054602,0.548676409170204,0,0.0855597159880791,0.57586786142422
2020-09-20,"F",2020-09-21,"LANDSAT_8",1,"3.00",0.0311870093565849,0.0193395710456914,0.0277991675592626,0.017975786768676,0.0123590511121176,0.0205043306599508,0,1,26,0,261,268.269230769231,"1_LC08_018050_20200920",23.34,9,9,119.06874239,63.42638028,63281.956,295.28622033861,294.920901616414,295.549643834432,0.0216939284470641,0.290041789077098,106494.098,295.456627019246,294.920901616414,295.823130289714,0.0365334167148603,0.245565627766958,144084.782,295.344935099284,294.920901616414,295.823130289714,0.0644854052926007,0.237383195217421,0.00398591160774231,294.920901616414,0.272869824497408,21173.162,1.07586784904413,1.12186846207175,0.620116242136824,0.89137009712645,0.269838927259053,0.174557955008795,0.170901788185975,0.145133407503145,0.794232955154028,0.4662822431602,0.704173214082962,0.64638279068918,0.660481154219248,0.625292735901975,0.224894713570351,0.138588816983507,0.711460473433012,0.66139307300063,0.661087383938704,0.588203731653287,0.266307179821045,0.104340125266022,0.69020292604121,0.633684687543826,0.661087383938704,0.533693314398057,0.383752418464678,0.0858139346288545,0.081480404738066,0.592253011001096,0.151499820054602,0.559591244537111,0.51734869581903,0.141014895090806,0.588576272083429
2020-09-20,"P",2020-09-21,"LANDSAT_8",1,"3.00",-0.014123245714563,0.00644730013631447,0.0167077445308315,0.0136694525922296,0.0116982124673346,0.0202487552409476,0,1,26,0,232,240.807692307692,"1_LC08_018050_20200920",23.34,9,9,119.06874239,63.42638028,63281.956,295.28622033861,294.920901616414,295.549643834432,0.0216939284470641,0.290041789077098,106494.098,295.456627019246,294.920901616414,295.823130289714,0.0365334167148603,0.245565627766958,144084.782,295.344935099284,294.920901616414,295.823130289714,0.0644854052926007,0.237383195217421,0.00398591160774231,294.920901616414,0.272869824497408,21173.162,0.471657521968322,-0.84531132783966,-0.456502723709354,-1.18299609512589,0.0155595068690525,0.0767771860258785,0.0924492548731695,0.115362321166751,0.792906477623458,0.465948518617648,0.704173214082962,0.64638279068918,0.660481154219248,0.625292735901975,0.224894713570351,0.138588816983507,0.711460473433012,0.66139307300063,0.661087383938704,0.588203731653287,0.266307179821045,0.104340125266022,0.69020292604121,0.633684687543826,0.661087383938704,0.533693314398057,0.383752418464678,0.0858139346288545,0.081480404738066,0.592253011001096,0.151499820054602,0.54891748793615,0.0548452867211929,0.0779273954333188,0.574079841132363
2020-09-20,"R",2020-09-21,"LANDSAT_8",1,"3.00",0.0186691628293516,0.0208339283259988,0.030201092120232,0.024691085026948,0.0190837926623187,0.0283433191589491,0,1,24,0,203,210.708333333333,"1_LC08_018050_20200920",23.34,9,9,119.06874239,63.42638028,63281.956,295.28622033861,294.920901616414,295.549643834432,0.0216939284470641,0.290041789077098,106494.098,295.456627019246,294.920901616414,295.823130289714,0.0365334167148603,0.245565627766958,144084.782,295.344935099284,294.920901616414,295.823130289714,0.0644854052926007,0.237383195217421,0.00398591160774231,294.920901616414,0.272869824497408,21173.162,0.843783426417289,0.61816184510907,1.11595407445072,1.61769932568963,0.199589250790056,0.185891831331344,0.1878912282381,0.191558444676322,0.807731285851936,0.476518215230988,0.704173214082962,0.64638279068918,0.660481154219248,0.625292735901975,0.224894713570351,0.138588816983507,0.711460473433012,0.66139307300063,0.661087383938704,0.588203731653287,0.266307179821045,0.104340125266022,0.69020292604121,0.633684687543826,0.661087383938704,0.533693314398057,0.383752418464678,0.0858139346288545,0.081480404738066,0.592253011001096,0.151499820054602,0.55549132679823,0.398922292332611,0.170069899756905,0.593652126842792
2020-10-06,"E",2020-10-06,"LANDSAT_8",0,"2.90",0.00637422250617499,0.00674522660939866,0.0244588099811438,0.0129191993925052,0.0330469805218508,0.0769689183383346,0,1,25,0,38,44.8,"1_LC08_018050_20201006",43.95,9,9,131.30320684,60.68112074,33688.0425625,293.334124247233,292.618118286133,294.429192225138,0.0169809132814294,0.745460013872234,62820.7754375,293.520667775472,292.618118286133,294.429192225138,0.0415527790784722,0.714239811796615,101377.073375,293.898610160464,292.618118286133,295.049732844035,0.0555233949478406,0.621009909066972,0.00111967325210571,292.618118286133,0.922295039682423,11356.471625,0.522108716219038,0.260610492133064,1.05820382060153,3.83714405285499,0.130590515422138,0.0790367941153542,0.147274566187292,0.110175577205886,0.835759088246711,0.540012411604553,0.276674767153219,0.490094134309785,0.490134920036193,0.533555867015931,0.176036241564485,0.404227513646136,0.282175100050679,0.504872975973241,0.490584795635475,0.484556283168135,0.302899272408539,0.410183362340825,0.37535217385772,0.513713376797843,0.490584795635475,0.468574406784199,0.330393823967406,0.398433216671232,0.0228884728850359,0.411869844967086,0.530341817867668,0.549808740110316,0.314858435776625,0.166685862102444,0.609162419749236
2020-10-22,"E",2020-10-22,"LANDSAT_8",0,"4.25",0.0210682994244168,0.0133197752952391,0.0351416977693126,0.0230749621528383,0.036517658719223,0.0767981277304695,0,1,25,0,186,192.88,"1_LC08_018050_20201022",43.21,9,9,140.33413636,56.95554488,40803.924,293.711611217923,293.219774881999,294.10427347819,0.0118270901422193,0.60109587547257,68861.672,293.733974456787,293.219774881999,294.10427347819,0.0223612574318395,0.710043623234569,100899.452,293.833805720011,293.219774881999,294.130401611328,0.0345533841382348,0.680238828272771,0.00127223432053825,294.10427347819,0.563068535590986,15501.86,0.577239312767441,0.599524233653123,0.632218814955817,1.66798928861746,0.213053113703026,0.128901122187263,0.222837422993847,0.180385662527064,0.842725655170424,0.539789397131157,0.37946712915333,0.520316484382857,0.534641901665534,0.50695317552962,0.122608040143375,0.320022052640352,0.341553878312527,0.522118577895586,0.535132628475809,0.460396673826813,0.162989481858343,0.407445050872167,0.371831042567393,0.508337908633928,0.535132628475809,0.391168092677973,0.205541222782074,0.446699152097003,0.0260071415426673,0.528284348770364,0.320787148145408,0.550782656878127,0.394540405694682,0.141724079196598,0.594003571528806
2020-10-22,"F",2020-10-22,"LANDSAT_8",0,"4.50",-0.000258627504523018,0.00017835694811193,0.0215516698059875,0.0121992726428123,0.0239046292191562,0.0533261183411223,0,1,26,0,235,243.230769230769,"1_LC08_018050_20201022",43.21,9,9,140.33413636,56.95554488,40803.924,293.711611217923,293.219774881999,294.10427347819,0.0118270901422193,0.60109587547257,68861.672,293.733974456787,293.219774881999,294.10427347819,0.0223612574318395,0.710043623234569,100899.452,293.833805720011,293.219774881999,294.130401611328,0.0345533841382348,0.680238828272771,0.00127223432053825,294.10427347819,0.563068535590986,15501.86,0.0146202936301302,-0.0120003464627676,-0.689628693749609,-83.330927411355,0.0933672145688163,0.0292307072122181,0.126711604081183,0.105198489840439,0.817407976859162,0.509140183576968,0.37946712915333,0.520316484382857,0.534641901665534,0.50695317552962,0.122608040143375,0.320022052640352,0.341553878312527,0.522118577895586,0.535132628475809,0.460396673826813,0.162989481858343,0.407445050872167,0.371831042567393,0.508337908633928,0.535132628475809,0.391168092677973,0.205541222782074,0.446699152097003,0.0260071415426673,0.528284348770364,0.320787148145408,0.540843636970264,0.250764933568944,0.0642667271545406,0
2020-10-22,"P",2020-10-22,"LANDSAT_8",0,"4.25",0.0191272339921548,0.00771685824461149,0.0293220824509302,0.015194957679185,0.032456524178339,0.0737241068905689,0,1,26,0,140,148.307692307692,"1_LC08_018050_20201022",43.21,9,9,140.33413636,56.95554488,40803.924,293.711611217923,293.219774881999,294.10427347819,0.0118270901422193,0.60109587547257,68861.672,293.733974456787,293.219774881999,294.10427347819,0.0223612574318395,0.710043623234569,100899.452,293.833805720011,293.219774881999,294.130401611328,0.0345533841382348,0.680238828272771,0.00127223432053825,294.10427347819,0.563068535590986,15501.86,0.507856514479308,0.652314992434926,0.403448729062269,1.53300171174551,0.20215992865519,0.0864060845318423,0.181673763158425,0.125908633131754,0.834573886566037,0.535775410955994,0.37946712915333,0.520316484382857,0.534641901665534,0.50695317552962,0.122608040143375,0.320022052640352,0.341553878312527,0.522118577895586,0.535132628475809,0.460396673826813,0.162989481858343,0.407445050872167,0.371831042567393,0.508337908633928,0.535132628475809,0.391168092677973,0.205541222782074,0.446699152097003,0.0260071415426673,0.528284348770364,0.320787148145408,0.549556965975416,0.40695203478454,0.128318656133009,0.593060228885312
2021-01-10,"E",2021-01-11,"LANDSAT_8",1,"5.75",0.0298210872686633,0.00998762676700048,0.0152883911309417,0.0102574898319493,0.00758878781111766,0.0169265263630116,0,1,25,0,9,15.2,"1_LC08_018050_20210110",51.13,9,9,143.74938084,45.26839893,37477.572,291.394617292616,290.158151626587,292.277695973714,0.0224774420260196,0.631986799100083,64553.12,291.377690251668,290.158151626587,292.277695973714,0.0239139854905766,0.635871940852052,84768.624,291.694640386672,290.158151626587,292.702651341756,0.032327222823767,0.649220605513878,0.0161338448523338,290.158151626587,1.07526035947441,5499.256,0.97369112040372,1.95057066588971,0.334918263610587,0.512670480227832,0.262173424686419,0.103628612189084,0.082409797393091,0.0917743148135878,0.78465777801565,0.461610428057665,0.331416359627873,0.334813389005,0.308161196690549,0.357402316172206,0.233017173379678,0.338040270279333,0.299203119415943,0.331615687095895,0.308444045753877,0.324579952402465,0.17430916048932,0.35904275304533,0.252910981232856,0.33089613047277,0.308444045753877,0.270953656466208,0.192286960145159,0.421422250934904,0.32980967415229,0.219174089117207,0.619574089715322,0.557786228166291,0.712184773516817,0.124302921826942,0.585929780413795
2021-01-10,"F",2021-01-11,"LANDSAT_8",1,"4.50",0.0414387624579066,0.0126165971346695,0.0202402876689994,0.0113126615556191,0.00289749333559399,0.00517469867709738,0,1,26,0,140,145.615384615385,"1_LC08_018050_20210110",51.13,9,9,143.74938084,45.26839893,37477.572,291.394617292616,290.158151626587,292.277695973714,0.0224774420260196,0.631986799100083,64553.12,291.377690251668,290.158151626587,292.277695973714,0.0239139854905766,0.635871940852052,84768.624,291.694640386672,290.158151626587,292.702651341756,0.032327222823767,0.649220605513878,0.0161338448523338,290.158151626587,1.07526035947441,5499.256,1.11526337746777,2.04734058801819,0.304463656401067,0.488438516704244,0.327371373997483,0.123567903411781,0.117435855556927,0.0990690595310117,0.775241112146909,0.446265159980145,0.331416359627873,0.334813389005,0.308161196690549,0.357402316172206,0.233017173379678,0.338040270279333,0.299203119415943,0.331615687095895,0.308444045753877,0.324579952402465,0.17430916048932,0.35904275304533,0.252910981232856,0.33089613047277,0.308444045753877,0.270953656466208,0.192286960145159,0.421422250934904,0.32980967415229,0.219174089117207,0.619574089715322,0.560287191399846,0.734936338529881,0.122518348934536,0.585760438574663
2021-01-26,"E",2021-01-26,"LANDSAT_8",0,"5.50",0.0145555405331163,0.0084884523321434,0.0113121670374522,0.0112468523079991,0.00333706698247099,0.0046638823430674,0,1,25,0,421,429.52,"1_LC08_018050_20210126",21.95,9,9,139.38250751,47.06015367,51309.852,292.688583585951,292.196875890096,293.04150835673,0.000212061405079567,0.287823187217026,75050.552,292.43055750529,291.468823115031,293.04150835673,0.0114753723143508,0.521951158984502,102161,292.216320946103,291.428602854411,293.04150835673,0.0193205654620101,0.656965735117004,6.63995742797852e-05,293.04150835673,0.422962360654456,18188.452,0.754740268626641,1.28671548828142,0.583176716304746,0.777172583300161,0.176503759623705,0.0922582004043584,0.0542849253767553,0.0986140988353592,0.776123452443162,0.445598147682691,0.531230359556801,0.438410878021485,0.458973909401993,0.419939382345395,0.00219837956371381,0.137294739420432,0.402387254518708,0.416738803826709,0.405488730008939,0.381373870749943,0.0836293386250634,0.284701340858097,0.38113145575985,0.374169048491245,0.40251074313203,0.299484910061216,0.114847085693695,0.427733794861441,0.00135734675506681,0.445035119527385,0.239056254460012,0.553918323241938,0.556105860767866,0.138850320253089,0.587778218017493
2021-01-26,"F",2021-01-26,"LANDSAT_8",0,"5.50",0.0155538318664772,0.00914013129889631,0.0136103739787331,0.0119369251570321,0.00282423579235417,0.00296124109284218,0,1,26,0,365,372.769230769231,"1_LC08_018050_20210126",21.95,9,9,139.38250751,47.06015367,51309.852,292.688583585951,292.196875890096,293.04150835673,0.000212061405079567,0.287823187217026,75050.552,292.43055750529,291.468823115031,293.04150835673,0.0114753723143508,0.521951158984502,102161,292.216320946103,291.428602854411,293.04150835673,0.0193205654620101,0.656965735117004,6.63995742797852e-05,293.04150835673,0.422962360654456,18188.452,0.765702321046372,1.14279239430017,0.587644985323251,0.875049575922652,0.182106132447005,0.0972008261796782,0.0705407436029999,0.103384796492622,0.775094064927713,0.443374877641396,0.531230359556801,0.438410878021485,0.458973909401993,0.419939382345395,0.00219837956371381,0.137294739420432,0.402387254518708,0.416738803826709,0.405488730008939,0.381373870749943,0.0836293386250634,0.284701340858097,0.38113145575985,0.374169048491245,0.40251074313203,0.299484910061216,0.114847085693695,0.427733794861441,0.00135734675506681,0.445035119527385,0.239056254460012,0.554111974813472,0.522268119064942,0.139112150974187,0.588462218301796
2021-01-26,"P",2021-01-26,"LANDSAT_8",0,"6.00",0.0151801073409462,0.00785546340848651,0.0109516049909782,0.0110163740069642,0.00322716900848484,0.00449361268905345,0,1,26,0,208,216.153846153846,"1_LC08_018050_20210126",21.95,9,9,139.38250751,47.06015367,51309.852,292.688583585951,292.196875890096,293.04150835673,0.000212061405079567,0.287823187217026,75050.552,292.43055750529,291.468823115031,293.04150835673,0.0114753723143508,0.521951158984502,102161,292.216320946103,291.428602854411,293.04150835673,0.0193205654620101,0.656965735117004,6.63995742797852e-05,293.04150835673,0.422962360654456,18188.452,0.713071597198909,1.38610800457571,0.517484048831296,0.721444502664206,0.180008804687796,0.0874573283044848,0.0517345758057557,0.0970207275089293,0.775902858211425,0.44537581345893,0.531230359556801,0.438410878021485,0.458973909401993,0.419939382345395,0.00219837956371381,0.137294739420432,0.402387254518708,0.416738803826709,0.405488730008939,0.381373870749943,0.0836293386250634,0.284701340858097,0.38113145575985,0.374169048491245,0.40251074313203,0.299484910061216,0.114847085693695,0.427733794861441,0.00135734675506681,0.445035119527385,0.239056254460012,0.553182219873998,0.579474023586879,0.135000874657011,0.587388769772534
2021-01-26,"R",2021-01-26,"LANDSAT_8",0,"2.50",0.0170719687146089,0.0101647715334085,0.0112263286463444,0.0115592811893768,0.00256784503630434,0.0038976785757398,0,1,24,0,302,309.125,"1_LC08_018050_20210126",21.95,9,9,139.38250751,47.06015367,51309.852,292.688583585951,292.196875890096,293.04150835673,0.000212061405079567,0.287823187217026,75050.552,292.43055750529,291.468823115031,293.04150835673,0.0114753723143508,0.521951158984502,102161,292.216320946103,291.428602854411,293.04150835673,0.0193205654620101,0.656965735117004,6.63995742797852e-05,293.04150835673,0.422962360654456,18188.452,0.879360175332539,1.52070808297315,0.595407108771835,0.657588403189713,0.190625858438604,0.104972157604972,0.0536777680065387,0.1007740211313,0.774579421028433,0.444597656310124,0.531230359556801,0.438410878021485,0.458973909401993,0.419939382345395,0.00219837956371381,0.137294739420432,0.402387254518708,0.416738803826709,0.405488730008939,0.381373870749943,0.0836293386250634,0.284701340858097,0.38113145575985,0.374169048491245,0.40251074313203,0.299484910061216,0.114847085693695,0.427733794861441,0.00135734675506681,0.445035119527385,0.239056254460012,0.556119812511827,0.611119832192127,0.13956699430868,0.586942519954014
2021-02-11,"E",2021-02-11,"LANDSAT_8",0,"5.00",0.0208872448906372,0.00912039972533252,0.0155621316085169,0.0114113406807718,0.00392324087814255,0.00636664645976696,0,1,25,0,381,388.24,"1_LC08_018050_20210211",8.66,9,9,133.98320655,50.2098433,62859.8,293.540311177572,293.370708465576,293.803597132365,0.000345730781532438,0.217770312483701,107792.136,293.721948369344,293.370708465576,294.060117085775,0.000355956835505822,0.32049815122288,152226.328,293.063996996198,290.242605209351,294.060117085775,0.000360528511635039,0.308578241709858,3.03983688354492e-05,293.370708465576,0.254721395060038,21171.496,0.799239982441368,1.34218405396379,0.436649245656175,0.745054299406079,0.212037042576607,0.0970511730696968,0.08434603532045,0.0997512603621941,0.777300058121044,0.44782157816022,0.69807496571364,0.506601865895347,0.545807071760351,0.482335328328289,0.00358409152472861,0.0964339364738622,0.724219491863474,0.521146282440764,0.546308046641885,0.45711338777241,0.00256671527863485,0.15323892600409,0.750224218790593,0.444482989769783,0.314697154443429,0.385250240800208,0.00196159634812045,0.143831125601035,0.000621406503666135,0.470822242923461,0.14091293937233,0.554704438759641,0.569147068723249,0.13026413326623,0.587553763682248
2021-02-11,"F",2021-02-11,"LANDSAT_8",0,"5.50",0.0228982116888956,0.010931446830567,0.0201891657128807,0.0118548807617404,0.00319053702638088,0.0053449732457703,0,1,26,0,366,373.692307692308,"1_LC08_018050_20210211",8.66,9,9,133.98320655,50.2098433,62859.8,293.540311177572,293.370708465576,293.803597132365,0.000345730781532438,0.217770312483701,107792.136,293.721948369344,293.370708465576,294.060117085775,0.000355956835505822,0.32049815122288,152226.328,293.063996996198,290.242605209351,294.060117085775,0.000360528511635039,0.308578241709858,3.03983688354492e-05,293.370708465576,0.254721395060038,21171.496,0.92210516919296,1.13418315618097,0.477393037460133,0.881691810136918,0.223322511419847,0.110786967163607,0.11707425660293,0.10281759694991,0.775829328157539,0.446487500621354,0.69807496571364,0.506601865895347,0.545807071760351,0.482335328328289,0.00358409152472861,0.0964339364738622,0.724219491863474,0.521146282440764,0.546308046641885,0.45711338777241,0.00256671527863485,0.15323892600409,0.750224218790593,0.444482989769783,0.314697154443429,0.385250240800208,0.00196159634812045,0.143831125601035,0.000621406503666135,0.470822242923461,0.14091293937233,0.556874929794551,0.520244002103041,0.132651629709279,0.588508636668046
2021-02-11,"P",2021-02-11,"LANDSAT_8",0,"5.50",0.0277493540555247,0.0118337420455817,0.0182961166354308,0.0125267900447096,0.00388660247507035,0.0046638823430674,0,1,26,0,444,451.653846153846,"1_LC08_018050_20210211",8.66,9,9,133.98320655,50.2098433,62859.8,293.540311177572,293.370708465576,293.803597132365,0.000345730781532438,0.217770312483701,107792.136,293.721948369344,293.370708465576,294.060117085775,0.000355956835505822,0.32049815122288,152226.328,293.063996996198,290.242605209351,294.060117085775,0.000360528511635039,0.308578241709858,3.03983688354492e-05,293.370708465576,0.254721395060038,21171.496,0.944674733379076,1.51667999327177,0.426451081416278,0.659334865915128,0.25054693704444,0.117630379049218,0.103684225816914,0.107462723977651,0.77722651517858,0.445598147682691,0.69807496571364,0.506601865895347,0.545807071760351,0.482335328328289,0.00358409152472861,0.0964339364738622,0.724219491863474,0.521146282440764,0.546308046641885,0.45711338777241,0.00256671527863485,0.15323892600409,0.750224218790593,0.444482989769783,0.314697154443429,0.385250240800208,0.00196159634812045,0.143831125601035,0.000621406503666135,0.470822242923461,0.14091293937233,0.557273635384173,0.610172788496074,0.12966654330785,0.586954724875403
2021-02-11,"R",2021-02-11,"LANDSAT_8",0,"6.00",0.0234641644397358,0.00874530657489679,0.0162804045344469,0.011197483211087,0.00311727407600995,0.00517469867709738,0,1,24,0,302,309.75,"1_LC08_018050_20210211",8.66,9,9,133.98320655,50.2098433,62859.8,293.540311177572,293.370708465576,293.803597132365,0.000345730781532438,0.217770312483701,107792.136,293.721948369344,293.370708465576,294.060117085775,0.000355956835505822,0.32049815122288,152226.328,293.063996996198,290.242605209351,294.060117085775,0.000360528511635039,0.308578241709858,3.03983688354492e-05,293.370708465576,0.254721395060038,21171.496,0.7810064467199,1.44125192897321,0.372709055860813,0.693841222271549,0.22649861663545,0.0942062982646573,0.0894265674131097,0.0982727942393158,0.775682270084804,0.446265159980145,0.69807496571364,0.506601865895347,0.545807071760351,0.482335328328289,0.00358409152472861,0.0964339364738622,0.724219491863474,0.521146282440764,0.546308046641885,0.45711338777241,0.00256671527863485,0.15323892600409,0.750224218790593,0.444482989769783,0.314697154443429,0.385250240800208,0.00196159634812045,0.143831125601035,0.000621406503666135,0.470822242923461,0.14091293937233,0.554382331848282,0.592438905167949,0.126517379001462,0.58719586793595
2021-02-27,"E",2021-02-27,"LANDSAT_8",0,"3.75",0.0222105562244809,0.0142163624350727,0.0210579416819143,0.0131151538932061,0.00670874834073029,0.0121569634977736,0,1,25,0,381,388.48,"1_LC08_018050_20210227",11.03,9,9,127.40010153,54.27965783,52027.236,292.65093782213,292.492428461711,292.801288604736,0.00801456570604842,0.960978641822329,85561.778,292.324454625448,291.586641311646,292.801288604736,0.0123299019290926,0.944271944075755,102825.898,291.682002657936,289.834749857585,292.801288604736,0.0222624199344637,0.960775445590223,0.00289774239053031,292.659096399943,0.689837000384506,18398.106,1.08396459171074,1.05473538487176,0.640072328283393,0.948105102325345,0.219463415225292,0.135701241468759,0.123219336046502,0.111530274291468,0.782891306589228,0.455382441846857,0.54159331971413,0.43539688405267,0.48083713331702,0.400271413010782,0.0830846964048343,0.52993633318434,0.505706977254678,0.408160506994708,0.414212220060271,0.363512127102467,0.0898590197112655,0.560295688482987,0.386033232094035,0.329847842608391,0.284498745320441,0.279258766408275,0.132362488357498,0.675309811173194,0.0592359404931202,0.415079770021672,0.394737492756512,0.559734278604242,0.501565045932294,0.142184277776673,0.588972757086147
2021-02-27,"F",2021-02-27,"LANDSAT_8",0,"4.00",0.0282121088520562,0.0183783949294489,0.0280531233278115,0.0203114467054818,0.00923938647878467,0.012497614614293,0,1,26,0,365,372.769230769231,"1_LC08_018050_20210227",11.03,9,9,127.40010153,54.27965783,52027.236,292.65093782213,292.492428461711,292.801288604736,0.00801456570604842,0.960978641822329,85561.778,292.324454625448,291.586641311646,292.801288604736,0.0123299019290926,0.944271944075755,102825.898,291.682002657936,289.834749857585,292.801288604736,0.0222624199344637,0.960775445590223,0.00289774239053031,292.659096399943,0.689837000384506,18398.106,0.904829439081206,1.00566730208209,0.651436410720832,0.994364635232395,0.25314389928312,0.167267963940903,0.172698083696568,0.161280582985118,0.787970965072635,0.455827256291351,0.54159331971413,0.43539688405267,0.48083713331702,0.400271413010782,0.0830846964048343,0.52993633318434,0.505706977254678,0.408160506994708,0.414212220060271,0.363512127102467,0.0898590197112655,0.560295688482987,0.386033232094035,0.329847842608391,0.284498745320441,0.279258766408275,0.132362488357498,0.675309811173194,0.0592359404931202,0.415079770021672,0.394737492756512,0.55656974312353,0.490028654757219,0.142850187972966,0.58929603565052
2021-02-27,"P",2021-02-27,"LANDSAT_8",0,"4.00",0.0207966462172435,0.0126947931370537,0.0205640092958543,0.012215659515895,0.00476601742181436,0.00806953344294082,0,1,26,0,334,342.615384615385,"1_LC08_018050_20210227",11.03,9,9,127.40010153,54.27965783,52027.236,292.65093782213,292.492428461711,292.801288604736,0.00801456570604842,0.960978641822329,85561.778,292.324454625448,291.586641311646,292.801288604736,0.0123299019290926,0.944271944075755,102825.898,291.682002657936,289.834749857585,292.801288604736,0.0222624199344637,0.960775445590223,0.00289774239053031,292.659096399943,0.689837000384506,18398.106,1.03922290241761,1.01131281930689,0.610425017786177,0.988813728956147,0.211528606282826,0.124160976990382,0.119725623213413,0.105311777614527,0.778991733021261,0.450045169073985,0.54159331971413,0.43539688405267,0.48083713331702,0.400271413010782,0.0830846964048343,0.52993633318434,0.505706977254678,0.408160506994708,0.414212220060271,0.363512127102467,0.0898590197112655,0.560295688482987,0.386033232094035,0.329847842608391,0.284498745320441,0.279258766408275,0.132362488357498,0.675309811173194,0.0592359404931202,0.415079770021672,0.394737492756512,0.55894388843706,0.491355971648123,0.140447010693171,0.589257243883739
2021-02-27,"R",2021-02-27,"LANDSAT_8",0,"3.50",0.0175957019168157,0.0112455327531885,0.0164855466773429,0.0119861378956962,0.00406979786988822,0.00755865444700878,0,1,24,0,302,309.666666666667,"1_LC08_018050_20210227",11.03,9,9,127.40010153,54.27965783,52027.236,292.65093782213,292.492428461711,292.801288604736,0.00801456570604842,0.960978641822329,85561.778,292.324454625448,291.586641311646,292.801288604736,0.0123299019290926,0.944271944075755,102825.898,291.682002657936,289.834749857585,292.801288604736,0.0222624199344637,0.960775445590223,0.00289774239053031,292.659096399943,0.689837000384506,18398.106,0.938211528271035,1.06734112378563,0.639106800419338,0.936907590005724,0.193565029160266,0.11316913577118,0.0908775913942665,0.103725020133331,0.777594236674362,0.44937807495405,0.54159331971413,0.43539688405267,0.48083713331702,0.400271413010782,0.0830846964048343,0.52993633318434,0.505706977254678,0.408160506994708,0.414212220060271,0.363512127102467,0.0898590197112655,0.560295688482987,0.386033232094035,0.329847842608391,0.284498745320441,0.279258766408275,0.132362488357498,0.675309811173194,0.0592359404931202,0.415079770021672,0.394737492756512,0.557159458788551,0.504528779726106,0.142127699970852,0.588894504767549
2021-03-15,"E",2021-03-15,"LANDSAT_8",0,"4.50",0.0260019638034241,0.0160418261173463,0.0243229617809295,0.0168708256189664,0.0163263823633213,0.0319228521871822,0,1,25,0,350,357.6,"1_LC08_018050_20210315",27.09,9,9,119.22231345,58.66157783,59120.6870625,293.014940897624,292.658934911092,293.487218856812,0.00740957362216932,0.825319238325611,82432.5073125,292.39588470459,290.655654271444,293.487218856812,0.017894167728798,0.883256664599197,99306.4580625,291.908090954735,290.340440750122,293.487218856812,0.0319357941821963,1.02934634050436,0.000195525117362649,293.487218856812,0.44286879220652,21967.5304375,0.950861948292078,1.06902950543675,0.61694671366452,0.935427876325499,0.240740649708349,0.149546377353491,0.146313676369504,0.137494452317946,0.802196435804863,0.481192287671346,0.644061664057812,0.464539686929138,0.493154291534327,0.456431887124713,0.0768129175636566,0.450808214956071,0.474947922145569,0.41393554743212,0.345280116052104,0.414515053468553,0.130423560498421,0.520478879232505,0.360087136008284,0.348601656902316,0.321941089515458,0.33701306720671,0.18995644708428,0.731188568212694,0.00399694405370679,0.479948812918408,0.250668665130522,0.557382936438888,0.504925734937574,0.140829167704651,0.588884163986219
2021-03-15,"F",2021-03-15,"LANDSAT_8",0,"4.30",0.0385086741255724,0.0197616829781168,0.0287131525735153,0.0169510805809752,0.00989981756106029,0.0152230004741711,0,1,26,0,365,372.769230769231,"1_LC08_018050_20210315",27.09,9,9,119.22231345,58.66157783,59120.6870625,293.014940897624,292.658934911092,293.487218856812,0.00740957362216932,0.825319238325611,82432.5073125,292.39588470459,290.655654271444,293.487218856812,0.017894167728798,0.883256664599197,99306.4580625,291.908090954735,290.340440750122,293.487218856812,0.0319357941821963,1.02934634050436,0.000195525117362649,293.487218856812,0.44286879220652,21967.5304375,1.16580668021224,1.3411510292009,0.513174847663573,0.745628179248264,0.310927830219865,0.177759441359768,0.177366643019684,0.138049280927382,0.789296624517713,0.45938600287548,0.644061664057812,0.464539686929138,0.493154291534327,0.456431887124713,0.0768129175636566,0.450808214956071,0.474947922145569,0.41393554743212,0.345280116052104,0.414515053468553,0.130423560498421,0.520478879232505,0.360087136008284,0.348601656902316,0.321941089515458,0.33701306720671,0.18995644708428,0.731188568212694,0.00399694405370679,0.479948812918408,0.250668665130522,0.561180070728661,0.568904194392712,0.134748364961551,0.587557774164841
2021-03-15,"P",2021-03-15,"LANDSAT_8",0,"3.50",0.02085705062221,0.0120296083857933,0.0197460171941338,0.0133272497266299,0.00909263888566735,0.0167561682451362,0,1,26,0,259,267.076923076923,"1_LC08_018050_20210315",27.09,9,9,119.22231345,58.66157783,59120.6870625,293.014940897624,292.658934911092,293.487218856812,0.00740957362216932,0.825319238325611,82432.5073125,292.39588470459,290.655654271444,293.487218856812,0.017894167728798,0.883256664599197,99306.4580625,291.908090954735,290.340440750122,293.487218856812,0.0319357941821963,1.02934634050436,0.000195525117362649,293.487218856812,0.44286879220652,21967.5304375,0.90263247350699,1.05626620381989,0.576764596475753,0.94673103842913,0.21186759349576,0.11911591728359,0.113939751333372,0.112996561650908,0.787676403932072,0.461387978319816,0.644061664057812,0.464539686929138,0.493154291534327,0.456431887124713,0.0768129175636566,0.450808214956071,0.474947922145569,0.41393554743212,0.345280116052104,0.414515053468553,0.130423560498421,0.520478879232505,0.360087136008284,0.348601656902316,0.321941089515458,0.33701306720671,0.18995644708428,0.731188568212694,0.00399694405370679,0.479948812918408,0.250668665130522,0.55653093234068,0.50192495659519,0.13847458415671,0.588963154624215
2021-03-15,"R",2021-03-15,"LANDSAT_8",0,"4.50",0.0229280462801179,0.010361502425278,0.0169128138097607,0.012330335197615,0.00619548187655907,0.0131789315913087,0,1,24,0,280,287.083333333333,"1_LC08_018050_20210315",27.09,9,9,119.22231345,58.66157783,59120.6870625,293.014940897624,292.658934911092,293.487218856812,0.00740957362216932,0.825319238325611,82432.5073125,292.39588470459,290.655654271444,293.487218856812,0.017894167728798,0.883256664599197,99306.4580625,291.908090954735,290.340440750122,293.487218856812,0.0319357941821963,1.02934634050436,0.000195525117362649,293.487218856812,0.44286879220652,21967.5304375,0.840326094888497,1.35566124821203,0.451913883053481,0.737647403670267,0.223489942005962,0.106464252987152,0.0938997634684495,0.106104567834999,0.7818610453639,0.456716904432687,0.644061664057812,0.464539686929138,0.493154291534327,0.456431887124713,0.0768129175636566,0.450808214956071,0.474947922145569,0.41393554743212,0.345280116052104,0.414515053468553,0.130423560498421,0.520478879232505,0.360087136008284,0.348601656902316,0.321941089515458,0.33701306720671,0.18995644708428,0.731188568212694,0.00399694405370679,0.479948812918408,0.250668665130522,0.555430250855676,0.572315690278256,0.131158607390432,0.587502001581131
2021-03-31,"E",2021-03-31,"LANDSAT_8",0,"2.50",0.0408843248749802,0.0295022948229329,0.0547286937202765,0.0189162352232187,0.0273674292264991,0.0576773546400748,0,1,25,0,23,30.28,"1_LC08_018050_20210331",40.65,9,9,108.96874073,62.62907021,71055.688,294.763792249892,294.452545801799,295.175184249878,0.00109386216718121,0.914265404807704,124382.18,295.31828473409,294.452545801799,296.699176152547,0.00109750437652067,0.86059504748538,176093.098,295.636630557832,294.452545801799,296.754841486613,0.00110135781661214,0.864481817295239,0.00052573084821006,294.663646697998,1.00665965156502,24564.59,1.55962824921528,0.747036373350035,0.721604060068197,1.33862290468611,0.324259891464278,0.251636613445679,0.361381363514537,0.151635033012901,0.824358730176728,0.514821928515766,0.816468546833275,0.604556169345454,0.62583497269262,0.5946338930511,0.0113397543176167,0.502689194791845,0.88729074028469,0.65020825701587,0.626409402042341,0.653342865698121,0.00797273586713803,0.505690562376971,0.926175369733203,0.657880554987837,0.626409402042341,0.612142002963861,0.00637239358616211,0.596839663354866,0.0107470427121955,0.572101546444488,0.579555888037736,0.568137177192053,0.429221967513803,0.14696185764868,0.591701838565699
2021-03-31,"F",2021-03-31,"LANDSAT_8",0,"2.00",0.0396616916302859,0.0265049715143163,0.0576857154875484,0.0131477967617268,0.00494925337011552,0.0101983149528878,0,1,26,0,234,242.576923076923,"1_LC08_018050_20210331",40.65,9,9,108.96874073,62.62907021,71055.688,294.763792249892,294.452545801799,295.175184249878,0.00109386216718121,0.914265404807704,124382.18,295.31828473409,294.452545801799,296.699176152547,0.00109750437652067,0.86059504748538,176093.098,295.636630557832,294.452545801799,296.754841486613,0.00110135781661214,0.864481817295239,0.00052573084821006,294.663646697998,1.00665965156502,24564.59,2.01592494884559,0.687547884169816,0.668276375132647,1.45444415294428,0.317398520405513,0.228903568191892,0.382297151155937,0.111755945039993,0.779359535918584,0.452824883329645,0.816468546833275,0.604556169345454,0.62583497269262,0.5946338930511,0.0113397543176167,0.502689194791845,0.88729074028469,0.65020825701587,0.626409402042341,0.653342865698121,0.00797273586713803,0.505690562376971,0.926175369733203,0.657880554987837,0.626409402042341,0.612142002963861,0.00637239358616211,0.596839663354866,0.0107470427121955,0.572101546444488,0.579555888037736,0.576197946251144,0.415235635817517,0.143836972789846,0.592511239882743
2021-03-31,"P",2021-03-31,"LANDSAT_8",0,"3.00",0.029248356293313,0.0161967697438079,0.0316702743398532,0.0116414298235005,0.00648876888824598,0.0133492639072245,0.5,1,13,0,12,14.3076923076923,"1_LC08_018050_20210331",40.65,9,9,108.96874073,62.62907021,71055.688,294.763792249892,294.452545801799,295.175184249878,0.00109386216718121,0.914265404807704,124382.18,295.31828473409,294.452545801799,296.699176152547,0.00109750437652067,0.86059504748538,176093.098,295.636630557832,294.452545801799,296.754841486613,0.00110135781661214,0.864481817295239,0.00052573084821006,294.663646697998,1.00665965156502,24564.59,1.39130416017383,0.923527089770343,0.553766836720016,1.08280527022621,0.258959280333826,0.150721539359542,0.198283137980607,0.101341941310902,0.782449749783779,0.456939320478927,0.816468546833275,0.604556169345454,0.62583497269262,0.5946338930511,0.0113397543176167,0.502689194791845,0.88729074028469,0.65020825701587,0.626409402042341,0.653342865698121,0.00797273586713803,0.505690562376971,0.926175369733203,0.657880554987837,0.626409402042341,0.612142002963861,0.00637239358616211,0.596839663354866,0.0107470427121955,0.572101546444488,0.579555888037736,0.565163625969911,0.470716679098954,0.13712696609801,0.589914091210452
2021-03-31,"R",2021-03-31,"LANDSAT_8",0,"2.75",0.0352943358458432,0.0187631705118252,0.0384350370022027,0.0126903750142715,0.00623214157021,0.0119866397825111,0,1,24,0,220,227.083333333333,"1_LC08_018050_20210331",40.65,9,9,108.96874073,62.62907021,71055.688,294.763792249892,294.452545801799,295.175184249878,0.00109386216718121,0.914265404807704,124382.18,295.31828473409,294.452545801799,296.699176152547,0.00109750437652067,0.86059504748538,176093.098,295.636630557832,294.452545801799,296.754841486613,0.00110135781661214,0.864481817295239,0.00052573084821006,294.663646697998,1.00665965156502,24564.59,1.47853554293898,0.918285465519924,0.531619877868733,1.08898598262558,0.29288908659718,0.170186274655522,0.246132071950648,0.108593639984774,0.781934631042173,0.455160037031154,0.816468546833275,0.604556169345454,0.62583497269262,0.5946338930511,0.0113397543176167,0.502689194791845,0.88729074028469,0.65020825701587,0.626409402042341,0.653342865698121,0.00797273586713803,0.505690562376971,0.926175369733203,0.657880554987837,0.626409402042341,0.612142002963861,0.00637239358616211,0.596839663354866,0.0107470427121955,0.572101546444488,0.579555888037736,0.566704623377398,0.469484321437767,0.135829203098037,0.589957284293168
2021-04-16,"E",2021-04-16,"LANDSAT_8",0,"1.25",0.0381041578407137,0.0381563474855842,0.0861691222618315,0.0232620772005847,0.026925203381812,0.0563121748926949,0,1,25,0,556,563.32,"1_LC08_018050_20210416",26.14,9,9,96.73216423,65.43996591,66760.59,296.974156909519,296.658260981242,297.424923578898,0.00143414740741221,0.528416072414846,115983.146,297.296106847127,296.658260981242,297.797009150187,0.00186457108374682,0.670848553314138,164878.072,296.991703760056,295.523684183757,297.797009150187,0.00741257141944018,0.678287204279169,0.000133770753791396,296.658260981242,0.540493260374776,19994.426,1.64028118196707,0.442201995802293,1.0013696574817,2.26140996533877,0.308657700283703,0.317272833016371,0.583767730097303,0.181679249604389,0.823471066219654,0.513039307994308,0.754423771028654,0.781522315780346,0.78900068157964,0.778831086523948,0.0148673934826811,0.277629001359554,0.804732733813324,0.810112919281378,0.789724874327289,0.734973170487025,0.0135647959612823,0.381867480205123,0.843495697010363,0.770282618911456,0.705718585912663,0.699890960736597,0.0439485036847027,0.445108764176479,0.00273455516170187,0.728345008300841,0.307617868351348,0.569561962129961,0.357552392852101,0.163355505346619,0.598150612633292
2021-04-16,"F",2021-04-16,"LANDSAT_8",0,"1.50",0.0435295365734882,0.0417707760736799,0.083707089053951,0.031748855206949,0.0431349733337488,0.0862788646688241,0,1,26,0,365,372.769230769231,"1_LC08_018050_20210416",26.14,9,9,96.73216423,65.43996591,66760.59,296.974156909519,296.658260981242,297.424923578898,0.00143414740741221,0.528416072414846,115983.146,297.296106847127,296.658260981242,297.797009150187,0.00186457108374682,0.670848553314138,164878.072,296.991703760056,295.523684183757,297.797009150187,0.00741257141944018,0.678287204279169,0.000133770753791396,296.658260981242,0.540493260374776,19994.426,1.31566243259497,0.520022104047036,0.959596158419029,1.92299518081553,0.339104718456518,0.34468628168357,0.566353125878948,0.240351101437721,0.856008351662498,0.552169126802132,0.754423771028654,0.781522315780346,0.78900068157964,0.778831086523948,0.0148673934826811,0.277629001359554,0.804732733813324,0.810112919281378,0.789724874327289,0.734973170487025,0.0135647959612823,0.381867480205123,0.843495697010363,0.770282618911456,0.705718585912663,0.699890960736597,0.0439485036847027,0.445108764176479,0.00273455516170187,0.728345008300841,0.307617868351348,0.56382736713276,0.375848669351148,0.160907670326606,0.595785646131724
2021-04-16,"P",2021-04-16,"LANDSAT_8",0,"1.15",0.0420433271986047,0.0427934383287953,0.0876949745664679,0.0258179963566044,0.0344865803059181,0.0732118087868581,0,1,26,0,589,595.923076923077,"1_LC08_018050_20210416",26.14,9,9,96.73216423,65.43996591,66760.59,296.974156909519,296.658260981242,297.424923578898,0.00143414740741221,0.528416072414846,115983.146,297.296106847127,296.658260981242,297.797009150187,0.00186457108374682,0.670848553314138,164878.072,296.991703760056,295.523684183757,297.797009150187,0.00741257141944018,0.678287204279169,0.000133770753791396,296.658260981242,0.540493260374776,19994.426,1.65750423610423,0.479426870313284,1.01784138364329,2.08582384910246,0.330764168225005,0.352442611225347,0.59456048215924,0.199349148582247,0.838648744869633,0.535106463797547,0.754423771028654,0.781522315780346,0.78900068157964,0.778831086523948,0.0148673934826811,0.277629001359554,0.804732733813324,0.810112919281378,0.789724874327289,0.734973170487025,0.0135647959612823,0.381867480205123,0.843495697010363,0.770282618911456,0.705718585912663,0.699890960736597,0.0439485036847027,0.445108764176479,0.00273455516170187,0.728345008300841,0.307617868351348,0.56986621824666,0.366304328721342,0.164320712213247,0.596923552522357
2021-04-16,"R",2021-04-16,"LANDSAT_8",0,"1.25",0.0660617110345719,0.059791552709684,0.103623601033898,0.0420092655928008,0.044504148573333,0.0713334770137708,0,1,24,0,302,309.75,"1_LC08_018050_20210416",26.14,9,9,96.73216423,65.43996591,66760.59,296.974156909519,296.658260981242,297.424923578898,0.00143414740741221,0.528416072414846,115983.146,297.296106847127,296.658260981242,297.797009150187,0.00186457108374682,0.670848553314138,164878.072,296.991703760056,295.523684183757,297.797009150187,0.00741257141944018,0.678287204279169,0.000133770753791396,296.658260981242,0.540493260374776,19994.426,1.42329440579248,0.63751607139151,0.905086346891522,1.56858790683864,0.465554420694877,0.481363939911823,0.707227819376478,0.311284649770955,0.858756647642251,0.53265378108581,0.754423771028654,0.781522315780346,0.78900068157964,0.778831086523948,0.0148673934826811,0.277629001359554,0.804732733813324,0.810112919281378,0.789724874327289,0.734973170487025,0.0135647959612823,0.381867480205123,0.843495697010363,0.770282618911456,0.705718585912663,0.699890960736597,0.0439485036847027,0.445108764176479,0.00273455516170187,0.728345008300841,0.307617868351348,0.565728753840186,0.403472662198134,0.157713515453653,0.593308918254578
2021-05-02,"E",2021-05-02,"LANDSAT_8",0,"1.75",0.0391266209740433,0.0275945098534593,0.0705291466075647,0.00866583719944635,0.00333706698247099,0.0159043960857304,0,1,25,0,432,439.8,"1_LC08_018050_20210502",30.75,9,9,84.114883,66.65151241,72572.082,297.937493006388,297.422180175781,298.207895278931,0.00102992057789564,0.55235936192674,121742.722,297.540265401204,296.699551900228,298.207895278931,0.00104464524578773,0.574938891322314,167970.846,297.4073294685,296.641359329224,298.207895278931,0.00112293594670021,0.60042300061946,0.000878334045410156,297.422180175781,0.674180619303561,23814.918,3.18428666710036,0.554758179504851,0.705261767218937,1.80258721176955,0.314395724324948,0.237167115970762,0.473142095507168,0.0807707033895215,0.776123452443162,0.460275753696006,0.838373594345921,0.858648900320158,0.845510886555804,0.842936819954657,0.0106768902613117,0.291594767052432,0.861346281595167,0.829852859932039,0.792782134846748,0.765524957502906,0.00758738289483692,0.319279604683322,0.866296316654553,0.804758385513694,0.788473442906114,0.734486957926637,0.00650086684708084,0.381656844468807,0.0179549926235768,0.788184838254918,0.385604347709876,0.596837793078798,0.384015463967639,0.146004235289018,0.594944191129347
2021-05-02,"F",2021-05-02,"LANDSAT_8",0,"1.75",0.0300781259446997,0.0230448611900784,0.0647081925319109,0.00783262398960839,0.00205511320222174,0.0134344305259316,0,1,26,0,388,395.576923076923,"1_LC08_018050_20210502",30.75,9,9,84.114883,66.65151241,72572.082,297.937493006388,297.422180175781,298.207895278931,0.00102992057789564,0.55235936192674,121742.722,297.540265401204,296.699551900228,298.207895278931,0.00104464524578773,0.574938891322314,167970.846,297.4073294685,296.641359329224,298.207895278931,0.00112293594670021,0.60042300061946,0.000878334045410156,297.422180175781,0.674180619303561,23814.918,2.94216359940835,0.464827168984308,0.766166789528299,2.15133724258222,0.263615915916224,0.202660538500076,0.431968966291743,0.0750104299434001,0.773550232946761,0.457050529103682,0.838373594345921,0.858648900320158,0.845510886555804,0.842936819954657,0.0106768902613117,0.291594767052432,0.861346281595167,0.829852859932039,0.792782134846748,0.765524957502906,0.00758738289483692,0.319279604683322,0.866296316654553,0.804758385513694,0.788473442906114,0.734486957926637,0.00650086684708084,0.381656844468807,0.0179549926235768,0.788184838254918,0.385604347709876,0.592560536341844,0.362871794658573,0.149573135425439,0.597381384118579
2021-05-02,"P",2021-05-02,"LANDSAT_8",0,"1.75",0.0435554570304212,0.0324550901993182,0.0736720211521062,0.0140761709857231,0.0151137240509899,0.0387425093071849,0,1,26,0,531,538.692307692308,"1_LC08_018050_20210502",30.75,9,9,84.114883,66.65151241,72572.082,297.937493006388,297.422180175781,298.207895278931,0.00102992057789564,0.55235936192674,121742.722,297.540265401204,296.699551900228,298.207895278931,0.00104464524578773,0.574938891322314,167970.846,297.4073294685,296.641359329224,298.207895278931,0.00112293594670021,0.60042300061946,0.000878334045410156,297.422180175781,0.674180619303561,23814.918,2.30567604160507,0.591207575810834,0.745144062583249,1.6914532913901,0.33925018307054,0.274031938876062,0.495372468406261,0.118174097473737,0.799762310597044,0.490097240117905,0.838373594345921,0.858648900320158,0.845510886555804,0.842936819954657,0.0106768902613117,0.291594767052432,0.861346281595167,0.829852859932039,0.792782134846748,0.765524957502906,0.00758738289483692,0.319279604683322,0.866296316654553,0.804758385513694,0.788473442906114,0.734486957926637,0.00650086684708084,0.381656844468807,0.0179549926235768,0.788184838254918,0.385604347709876,0.581316582097613,0.392585077247285,0.14834124993854,0.594167546576847
2021-05-02,"R",2021-05-02,"LANDSAT_8",0,"1.75",0.0763556175247048,0.063772967319801,0.0954666232135442,0.0471148888260279,0.0658041282981346,0.119277377529555,0,1,24,0,395,401.75,"1_LC08_018050_20210502",30.75,9,9,84.114883,66.65151241,72572.082,297.937493006388,297.422180175781,298.207895278931,0.00102992057789564,0.55235936192674,121742.722,297.540265401204,296.699551900228,298.207895278931,0.00104464524578773,0.574938891322314,167970.846,297.4073294685,296.641359329224,298.207895278931,0.00112293594670021,0.60042300061946,0.000878334045410156,297.422180175781,0.674180619303561,23814.918,1.35356293750969,0.799814793426903,0.835209895318669,1.25028945228105,0.523323430640853,0.511560775283464,0.649531383802544,0.346581480868938,0.90151132721436,0.595257830920417,0.838373594345921,0.858648900320158,0.845510886555804,0.842936819954657,0.0106768902613117,0.291594767052432,0.861346281595167,0.829852859932039,0.792782134846748,0.765524957502906,0.00758738289483692,0.319279604683322,0.866296316654553,0.804758385513694,0.788473442906114,0.734486957926637,0.00650086684708084,0.381656844468807,0.0179549926235768,0.788184838254918,0.385604347709876,0.564496903462057,0.441630695652194,0.15361890932603,0.591084532036967
2021-05-18,"E",2021-05-18,"LANDSAT_8",0,"1.80",0.0757216504204071,0.0572250753257995,0.0860083787178228,0.0549047194284466,0.0826552961277997,0.165946469354338,0.08,1,23,0,3,7.69565217391304,"1_LC08_018050_20210518",28.91,9,9,73.74589046,66.47737698,72931.89,296.383205625746,295.573095321655,297.146345774333,0.00172923227836463,0.77925400247626,109284.796,296.180556996663,295.214974721273,297.146345774333,0.0116884985872048,0.892368567972196,152744.88,296.143100284395,295.214974721273,297.146345774333,0.0162824818797276,0.819446059998502,1.14619731448329e-05,297.146345774333,0.466856143526857,25097.286,1.04226150177084,0.880398532668957,0.755729372089561,1.13584923519632,0.519765631472122,0.461898623526719,0.582630749007606,0.400435109014875,0.935336067438608,0.656197264694119,0.843571195586384,0.734209592531452,0.708726571052334,0.756022555285327,0.0179264534262834,0.423939046033412,0.738891540332328,0.719921986081182,0.682861132632074,0.686592542650077,0.0851830691079706,0.526425044219767,0.754047099776315,0.699891748543345,0.682861132632074,0.645106078142679,0.0967587479569941,0.560139804862055,0.000234306804276279,0.766577993190506,0.264661679081869,0.55899756721157,0.460576729110061,0.14896152575667,0.59028478187174
2021-05-18,"F",2021-05-18,"LANDSAT_8",0,"1.70",0.0277783159005879,0.0290170016076216,0.060075363067191,0.016983174458314,0.0323458232453829,0.0744925747798524,0,1,26,0,91,100.076923076923,"1_LC08_018050_20210518",28.91,9,9,73.74589046,66.47737698,72931.89,296.383205625746,295.573095321655,297.146345774333,0.00172923227836463,0.77925400247626,109284.796,296.180556996663,295.214974721273,297.146345774333,0.0116884985872048,0.892368567972196,152744.88,296.143100284395,295.214974721273,297.146345774333,0.0162824818797276,0.819446059998502,1.14619731448329e-05,297.146345774333,0.466856143526857,25097.286,1.70857348717963,0.462391144761279,1.04459182160166,2.16267117424205,0.250709469812454,0.2479559318878,0.399199752911114,0.138271156321621,0.834351680583776,0.536778858767278,0.843571195586384,0.734209592531452,0.708726571052334,0.756022555285327,0.0179264534262834,0.423939046033412,0.738891540332328,0.719921986081182,0.682861132632074,0.686592542650077,0.0851830691079706,0.526425044219767,0.754047099776315,0.699891748543345,0.682861132632074,0.645106078142679,0.0967587479569941,0.560139804862055,0.000234306804276279,0.766577993190506,0.264661679081869,0.570768388784543,0.362299061289933,0.165888228947648,0.597460589785507
2021-05-18,"P",2021-05-18,"LANDSAT_8",0,"1.75",0.0338544687720469,0.0321221022022325,0.0647737674977309,0.0200584390190498,0.0393259220930931,0.0893545110321804,0,1,26,0,172,180.730769230769,"1_LC08_018050_20210518",28.91,9,9,73.74589046,66.47737698,72931.89,296.383205625746,295.573095321655,297.146345774333,0.00172923227836463,0.77925400247626,109284.796,296.180556996663,295.214974721273,297.146345774333,0.0116884985872048,0.892368567972196,152744.88,296.143100284395,295.214974721273,297.146345774333,0.0162824818797276,0.819446059998502,1.14619731448329e-05,297.146345774333,0.466856143526857,25097.286,1.60142582240451,0.52265708912536,0.948829013342995,1.91330036616063,0.28480860758887,0.271506408451982,0.432432795159986,0.159531458702628,0.848362580756982,0.556185235548683,0.843571195586384,0.734209592531452,0.708726571052334,0.756022555285327,0.0179264534262834,0.423939046033412,0.738891540332328,0.719921986081182,0.682861132632074,0.686592542650077,0.0851830691079706,0.526425044219767,0.754047099776315,0.699891748543345,0.682861132632074,0.645106078142679,0.0967587479569941,0.560139804862055,0.000234306804276279,0.766577993190506,0.264661679081869,0.56887555769093,0.376468180383081,0.160276739344666,0.595717895214961
2021-05-18,"R",2021-05-18,"LANDSAT_8",0,"2.25",0.0495000901612397,0.0272379689644819,0.0624927586149252,0.0134739706409004,0.00630546197134892,0.0159895719194232,0,1,24,0,185,192.916666666667,"1_LC08_018050_20210518",28.91,9,9,73.74589046,66.47737698,72931.89,296.383205625746,295.573095321655,297.146345774333,0.00172923227836463,0.77925400247626,109284.796,296.180556996663,295.214974721273,297.146345774333,0.0116884985872048,0.892368567972196,152744.88,296.143100284395,295.214974721273,297.146345774333,0.0162824818797276,0.819446059998502,1.14619731448329e-05,297.146345774333,0.466856143526857,25097.286,2.02152503448395,0.792093216211735,0.55026099701552,1.26247767249239,0.372611237087167,0.234462949843388,0.416298623295257,0.114010890968403,0.782081804433758,0.460386974353479,0.843571195586384,0.734209592531452,0.708726571052334,0.756022555285327,0.0179264534262834,0.423939046033412,0.738891540332328,0.719921986081182,0.682861132632074,0.686592542650077,0.0851830691079706,0.526425044219767,0.754047099776315,0.699891748543345,0.682861132632074,0.645106078142679,0.0967587479569941,0.560139804862055,0.000234306804276279,0.766577993190506,0.264661679081869,0.576296875296825,0.439815276541068,0.136921531614527,0.591169707785284
2021-06-03,"P",2021-06-03,"LANDSAT_8",0,"2.45",0.0439694649869392,0.0211588002553242,0.0561338363730206,0.00911456837424913,0.0107438610631406,0.032519493704222,0,1,26,0,27,34.5,"1_LC08_018050_20210603",53,9,9,67.45235246,65.54632762,64384.212,295.902144538032,295.385498682658,296.52694384257,0.0070423084305844,0.935107695850413,108576.384,296.265031051636,295.385498682658,296.892419179281,0.00895559070573881,0.811163131470567,156119.668,296.291213535127,295.385498682658,296.892419179281,0.0103430676268204,0.76877389551085,0.00392654538154602,295.385498682658,0.84666592366288,20891.984,2.32142646656785,0.783296988553451,0.481215776939957,1.27665497839682,0.341573579905427,0.188355805854816,0.37132030466673,0.0838729276943498,0.790990842537759,0.481971368531775,0.720095837128885,0.695694894731823,0.694849285865181,0.705309081066028,0.0730055850066513,0.51484619406551,0.731928229732514,0.726751617088755,0.695487060743303,0.667711615047552,0.0652596583264198,0.473432721591306,0.778926789520143,0.712177605166726,0.695487060743303,0.62372583881518,0.0613962807782449,0.518846810631534,0.0802668343897297,0.62864613954132,0.486223596499381,0.58159482329092,0.437747196490621,0.132875633821481,0.59126878399318
2021-07-05,"E",2021-07-05,"LANDSAT_8",0,"2.80",0.0373458765745063,0.015925575678477,0.0266641646020224,0.0122975765081698,0.00223822411061595,0.00398281109900039,0,1,25,0,186,192.92,"1_LC08_018050_20210705",50.13,9,9,67.55175682,64.07620364,65058.184,295.99674182468,295.230756759644,296.5538743337,0.00599244346972228,0.598563604116438,109066.512,295.843304697673,295.230756759644,296.5538743337,0.0113857727323534,0.537129494767412,148326.012,295.593835376558,294.807294209798,296.5538743337,0.0274185847315671,0.464966823119336,0.00528106799487205,295.230756759644,0.557128906243107,14541.964,1.29501740996667,1.40060178640188,0.426434646585546,0.713978812328223,0.304402254787731,0.148664681848708,0.162873615688652,0.105878096378818,0.773917784855997,0.444708820413825,0.72983168987045,0.703268539744819,0.68340239743714,0.707514012464524,0.0621219370663177,0.31854501631195,0.736745925505123,0.69265552232148,0.684029665665805,0.64253882557147,0.082976140875481,0.294606284436043,0.721470219433333,0.65433073443697,0.652675669026695,0.595220869415932,0.163061594471631,0.271272944105443,0.107956121464307,0.616524791594941,0.317322267207918,0.563462659783877,0.582881654927797,0.129665580262974,0.587336596793211
2021-07-05,"F",2021-07-05,"LANDSAT_8",0,"2.85",0.0332689296896327,0.0145471651887711,0.0273588481054637,0.0113620063301371,0.0054990119068733,0.0140306054575351,0,1,26,0,28,34.7307692307692,"1_LC08_018050_20210705",50.13,9,9,67.55175682,64.07620364,65058.184,295.99674182468,295.230756759644,296.5538743337,0.00599244346972228,0.598563604116438,109066.512,295.843304697673,295.230756759644,296.5538743337,0.0113857727323534,0.537129494767412,148326.012,295.593835376558,294.807294209798,296.5538743337,0.0274185847315671,0.464966823119336,0.00528106799487205,295.230756759644,0.557128906243107,14541.964,1.28033419152263,1.21602084858934,0.437259789373516,0.822354321605642,0.281522584628766,0.138210198026193,0.16778729363204,0.0994101959784478,0.780463046362481,0.45782900070751,0.72983168987045,0.703268539744819,0.68340239743714,0.707514012464524,0.0621219370663177,0.31854501631195,0.736745925505123,0.69265552232148,0.684029665665805,0.64253882557147,0.082976140875481,0.294606284436043,0.721470219433333,0.65433073443697,0.652675669026695,0.595220869415932,0.163061594471631,0.271272944105443,0.107956121464307,0.616524791594941,0.317322267207918,0.563203271466983,0.539484852342395,0.130299909783067,0.588093964558312
2021-07-05,"P",2021-07-05,"LANDSAT_8",0,"2.60",0.0264113913729338,0.0121666543053253,0.0252056972277298,0.0100756544306302,0.00113968538988597,0.00330175951356928,0,1,26,0,400,407.153846153846,"1_LC08_018050_20210705",50.13,9,9,67.55175682,64.07620364,65058.184,295.99674182468,295.230756759644,296.5538743337,0.00599244346972228,0.598563604116438,109066.512,295.843304697673,295.230756759644,296.5538743337,0.0113857727323534,0.537129494767412,148326.012,295.593835376558,294.807294209798,296.5538743337,0.0274185847315671,0.464966823119336,0.00528106799487205,295.230756759644,0.557128906243107,14541.964,1.20752993158821,1.04783419138581,0.460659347079821,0.954349465040316,0.243038341586338,0.120155335047303,0.152557494846986,0.0905172276462025,0.771712727780395,0.443819518814756,0.72983168987045,0.703268539744819,0.68340239743714,0.707514012464524,0.0621219370663177,0.31854501631195,0.736745925505123,0.69265552232148,0.684029665665805,0.64253882557147,0.082976140875481,0.294606284436043,0.721470219433333,0.65433073443697,0.652675669026695,0.595220869415932,0.163061594471631,0.271272944105443,0.107956121464307,0.616524791594941,0.317322267207918,0.56191713828582,0.49994250714328,0.131671072316528,0.589016394980589
2021-07-05,"R",2021-07-05,"LANDSAT_8",0,"2.60",0.0242355318169433,0.0105974452357344,0.0238813477773218,0.010686725500057,0.00124952557515833,0.00406794392942707,0,1,24,0,306,313.666666666667,"1_LC08_018050_20210705",50.13,9,9,67.55175682,64.07620364,65058.184,295.99674182468,295.230756759644,296.5538743337,0.00599244346972228,0.598563604116438,109066.512,295.843304697673,295.230756759644,296.5538743337,0.0113857727323534,0.537129494767412,148326.012,295.593835376558,294.807294209798,296.5538743337,0.0274185847315671,0.464966823119336,0.00528106799487205,295.230756759644,0.557128906243107,14541.964,0.991645685638494,1.01483099039987,0.43726893702104,0.985385753351866,0.230827500886401,0.108253749159283,0.1431900251265,0.0947417603508589,0.771933206014935,0.444819984918616,0.72983168987045,0.703268539744819,0.68340239743714,0.707514012464524,0.0621219370663177,0.31854501631195,0.736745925505123,0.69265552232148,0.684029665665805,0.64253882557147,0.082976140875481,0.294606284436043,0.721470219433333,0.65433073443697,0.652675669026695,0.595220869415932,0.163061594471631,0.271272944105443,0.107956121464307,0.616524791594941,0.317322267207918,0.558103406888012,0.492183128440114,0.13030044581506,0.589233287934285
2021-08-06,"F",2021-08-06,"LANDSAT_8",0,"2.00",0.0425145130439858,0.0232538081588057,0.0353099511594915,0.020848103561292,0.0439860278572065,0.0856808685489046,0.0769230769230769,1,23,0,3,8.17391304347826,"1_LC08_018050_20210806",40.96,9,9,81.88673205,64.6659509,61944.006,295.069643656413,294.871657689412,295.283661524455,0.0333010294385758,0.302110258878518,104043.206,295.104337565104,294.871657689412,295.283661524455,0.039118663348507,0.463845814762136,142161.436,295.060492651803,294.722398122152,295.283661524455,0.0547094006808031,0.534143878488923,0.0205851346254349,295.053611755371,0.217588843021125,21039.908,1.11539201109785,1.20403771877089,0.546961648949081,0.830538765032063,0.333408445187722,0.204245286092058,0.224027523187859,0.164990666070339,0.857716642652393,0.551388277132214,0.684845876781742,0.629043235114434,0.65683838096704,0.603515459584131,0.345222189492373,0.145628176443054,0.687369517544916,0.632910872395755,0.657441267127952,0.548091073510516,0.285154112424619,0.246783471314872,0.676023590405895,0.61009045063332,0.646389796408931,0.48827085162457,0.325547412465175,0.32764566425946,0.420803386008365,0.602648550483722,0.119251676659714,0.560289463794071,0.536667500099802,0.136728197086143,0.588151160447565
2021-08-06,"R",2021-08-06,"LANDSAT_8",0,"2.75",0.0173494296507681,0.00640755931553672,0.0179205623859017,0.0122320452307684,0.0147095863964042,0.0381457108282242,0,1,24,0,70,77.7916666666667,"1_LC08_018050_20210806",40.96,9,9,81.88673205,64.6659509,61944.006,295.069643656413,294.871657689412,295.283661524455,0.0333010294385758,0.302110258878518,104043.206,295.104337565104,294.871657689412,295.283661524455,0.039118663348507,0.463845814762136,142161.436,295.060492651803,294.722398122152,295.283661524455,0.0547094006808031,0.534143878488923,0.0205851346254349,295.053611755371,0.217588843021125,21039.908,0.523833847459883,0.968129753808233,0.369323916953837,1.03291939542856,0.192182958611989,0.0764757738043253,0.101027832476184,0.105425057381538,0.798951099687546,0.489317954300186,0.684845876781742,0.629043235114434,0.65683838096704,0.603515459584131,0.345222189492373,0.145628176443054,0.687369517544916,0.632910872395755,0.657441267127952,0.548091073510516,0.285154112424619,0.246783471314872,0.676023590405895,0.61009045063332,0.646389796408931,0.48827085162457,0.325547412465175,0.32764566425946,0.420803386008365,0.602648550483722,0.119251676659714,0.549839215642005,0.481203206196357,0.126319017318816,0.58956547044034
2021-10-25,"E",2021-10-25,"LANDSAT_8",0,"3.50",0.0257088808150093,0.0143331499130894,0.0216708149572081,0.0150655258829987,0.00480266393558321,0.0102834702064461,0,1,25,0,235,243.88,"1_LC08_018050_20211025",43.31,9,9,141.55683421,56.27022085,52979.558,295.410592397054,295.158570607503,295.854106903076,0.00988966226568166,0.353129648400225,88978.67,295.175563049316,294.628214518229,295.854106903076,0.017445594072246,0.281751325506305,120270.962,294.87982350304,294.053908665975,295.854106903076,0.0367442011831436,0.394266873296073,0.000815674662590027,295.854106903076,0.245234987224482,19110.208,0.95138729470202,1.18633659443703,0.557517459286732,0.842931091133158,0.239095879174542,0.136587010119474,0.127554348868866,0.125013829100982,0.779065292244033,0.452936077114049,0.55535007333973,0.656340262552997,0.678062494626621,0.650220620673756,0.102523282861154,0.175387029732611,0.539293195842192,0.638669371566405,0.639416257894286,0.590507024044299,0.127153374450118,0.127953866559082,0.514642134306923,0.595104112496786,0.596893527683687,0.536301498889717,0.218585050430113,0.213659209826113,0.0166741032373434,0.665353472496628,0.135379046304338,0.557392217014641,0.53250579083903,0.137346744317974,0.58823776256262
2021-10-25,"F",2021-10-25,"LANDSAT_8",0,"3.50",0.0204943068301716,0.00809295630920955,0.0157673961628769,0.00987712870540629,0.00220160125304574,0.00619636451910557,0,1,26,0,270,278.423076923077,"1_LC08_018050_20211025",43.31,9,9,141.55683421,56.27022085,52979.558,295.410592397054,295.158570607503,295.854106903076,0.00988966226568166,0.353129648400225,88978.67,295.175563049316,294.628214518229,295.854106903076,0.017445594072246,0.281751325506305,120270.962,294.87982350304,294.053908665975,295.854106903076,0.0367442011831436,0.394266873296073,0.000815674662590027,295.854106903076,0.245234987224482,19110.208,0.819363253288361,1.29979018846649,0.394888023111626,0.769354938107213,0.209831889193395,0.0892585810569221,0.0857979251498783,0.0891447548506719,0.773844273117458,0.447599227892837,0.55535007333973,0.656340262552997,0.678062494626621,0.650220620673756,0.102523282861154,0.175387029732611,0.539293195842192,0.638669371566405,0.639416257894286,0.590507024044299,0.127153374450118,0.127953866559082,0.514642134306923,0.595104112496786,0.596893527683687,0.536301498889717,0.218585050430113,0.213659209826113,0.0166741032373434,0.665353472496628,0.135379046304338,0.555059929034155,0.559179851991006,0.127817017623135,0.587723585448681
2021-10-25,"P",2021-10-25,"LANDSAT_8",0,"3.30",0.0201611225820811,0.00984979054554117,0.0170836781587473,0.0109010497280673,0.00242134346765257,0.00687749965373933,0,1,26,0,94,102,"1_LC08_018050_20211025",43.31,9,9,141.55683421,56.27022085,52979.558,295.410592397054,295.158570607503,295.854106903076,0.00988966226568166,0.353129648400225,88978.67,295.175563049316,294.628214518229,295.854106903076,0.017445594072246,0.281751325506305,120270.962,294.87982350304,294.053908665975,295.854106903076,0.0367442011831436,0.394266873296073,0.000815674662590027,295.854106903076,0.245234987224482,19110.208,0.903563490787551,1.18013945209791,0.488553675790629,0.847357486627804,0.207962071922349,0.102583200420845,0.095108331656362,0.0962234533255878,0.774285353723889,0.448488638588545,0.55535007333973,0.656340262552997,0.678062494626621,0.650220620673756,0.102523282861154,0.175387029732611,0.539293195842192,0.638669371566405,0.639416257894286,0.590507024044299,0.127153374450118,0.127953866559082,0.514642134306923,0.595104112496786,0.596893527683687,0.536301498889717,0.218585050430113,0.213659209826113,0.0166741032373434,0.665353472496628,0.135379046304338,0.556547379348285,0.531048781432363,0.133305618529083,0.588268695836066
2021-10-25,"R",2021-10-25,"LANDSAT_8",0,"3.50",0.0223004090966114,0.0115397518253399,0.01995056768162,0.0132130686002574,0.00322716900848484,0.00611122400952424,0,1,24,0,97,104.5,"1_LC08_018050_20211025",43.31,9,9,141.55683421,56.27022085,52979.558,295.410592397054,295.158570607503,295.854106903076,0.00988966226568166,0.353129648400225,88978.67,295.175563049316,294.628214518229,295.854106903076,0.017445594072246,0.281751325506305,120270.962,294.87982350304,294.053908665975,295.854106903076,0.0367442011831436,0.394266873296073,0.000815674662590027,295.854106903076,0.245234987224482,19110.208,0.873358958048178,1.11778318554596,0.517468167303415,0.89462787858235,0.219967666110877,0.115400625267998,0.115386590381214,0.112207190452125,0.775902858211425,0.447488053360781,0.55535007333973,0.656340262552997,0.678062494626621,0.650220620673756,0.102523282861154,0.175387029732611,0.539293195842192,0.638669371566405,0.639416257894286,0.590507024044299,0.127153374450118,0.127953866559082,0.514642134306923,0.595104112496786,0.596893527683687,0.536301498889717,0.218585050430113,0.213659209826113,0.0166741032373434,0.665353472496628,0.135379046304338,0.55601379722256,0.516388206935412,0.134999944034464,0.588599038653818
2021-11-10,"F",2021-11-10,"LANDSAT_8",0,"5.10",0.0218506686925996,0.00986948448567985,0.0124961167623824,0.0125267900447096,0.00597553081151303,0.0107092510817304,0,1,26,0,203,210.692307692308,"1_LC08_018050_20211110",12.1,9,9,146.60834374,52.2305661,29461.84,291.062632030911,290.705680211385,291.409009297689,0.00764576663652861,1.06249012576248,51325.344,291.698906962077,290.705680211385,293.568073908488,0.0154934900013082,1.05441268657446,76025.1,292.14066814241,290.705680211385,293.75547281901,0.0238079705878995,0.943833200987094,0.00461991951993923,290.705680211385,1.24432992201182,13276.668,0.787870192639494,1.7485967127306,0.451678830727155,0.571887155408411,0.217443740145806,0.102732568102039,0.0626593111519331,0.107462723977651,0.78141954553953,0.453492052052429,0.215625219390811,0.308233995337431,0.348664109535819,0.286278677238996,0.0792614625766664,0.589146476349518,0.169181164913821,0.357585691806336,0.348984134632611,0.420527099495793,0.112922169821014,0.632170356146557,0.188451772421009,0.367893718669398,0.348984134632611,0.359599649408422,0.141564487397801,0.661503493331382,0.0944408580488211,0.262063464909209,0.718200766572651,0.554503584250026,0.664698701138419,0.131144833841919,0.586343608235572
2021-11-10,"R",2021-11-10,"LANDSAT_8",0,"3.55",0.0300210432645085,0.011735770733491,0.0198823880718695,0.0125922379310453,0.00384996440994384,0.00747350902276849,0,1,24,0,64,71.9583333333333,"1_LC08_018050_20211110",12.1,9,9,146.60834374,52.2305661,29461.84,291.062632030911,290.705680211385,291.409009297689,0.00764576663652861,1.06249012576248,51325.344,291.698906962077,290.705680211385,293.568073908488,0.0154934900013082,1.05441268657446,76025.1,292.14066814241,290.705680211385,293.75547281901,0.0238079705878995,0.943833200987094,0.00461991951993923,290.705680211385,1.24432992201182,13276.668,0.93198451282097,1.5099314607476,0.390918151314391,0.662281716750826,0.263295570095823,0.116887320646099,0.114904338185847,0.107915186465419,0.777152972914462,0.449266894004545,0.215625219390811,0.308233995337431,0.348664109535819,0.286278677238996,0.0792614625766664,0.589146476349518,0.169181164913821,0.357585691806336,0.348984134632611,0.420527099495793,0.112922169821014,0.632170356146557,0.188451772421009,0.367893718669398,0.348984134632611,0.359599649408422,0.141564487397801,0.661503493331382,0.0944408580488211,0.262063464909209,0.718200766572651,0.55704945463224,0.608586141807833,0.127584391881258,0.586975318548701
2021-12-12,"F",2021-12-12,"LANDSAT_8",0,"3.00",0.0357619594040761,0.0206044299853121,0.030201092120232,0.0206115082285461,0.0273305752140739,0.0639923338351058,0.307692307692308,1,18,0,12,18.5555555555556,"1_LC08_018050_20211212",26.18,9,9,148.53998512,46.11042743,48461.732,293.531395170424,293.280627568563,293.71253267924,0.000283573494129996,0.344932845851523,78641.404,293.66706123352,293.280627568563,294.076065063477,0.0025377122063901,0.406930371826348,103828.308,293.480396906535,292.368683497111,294.076065063477,0.00696210585851986,0.509462646603073,9.72151752876016e-06,293.601025263468,0.266088860037583,18140.532,0.999656587807379,1.18412801966585,0.576154951480752,0.844503282915469,0.295513372140518,0.184151212910401,0.1878912282381,0.163355005717622,0.824284754449401,0.523067884059163,0.490087883444578,0.505888032809165,0.539143422003894,0.474879434894594,0.00293972481259566,0.170605956364681,0.437683406749276,0.516708720104492,0.539638280582947,0.458299213197024,0.0184721209360203,0.209642096986632,0.393423222160407,0.479022975700192,0.472116155281055,0.386593036658156,0.0412664928104141,0.307532807897998,0.00019872823606348,0.48886357258234,0.147544146540558,0.558244924528597,0.53198653308427,0.138438860303022,0.58824874961481
2021-12-12,"R",2021-12-12,"LANDSAT_8",0,"1.90",0.0289611974000388,0.0196274280347603,0.0246116206260735,0.020105900545336,0.0278834208847505,0.0622000742066416,0,1,24,0,9,15.5416666666667,"1_LC08_018050_20211212",26.18,9,9,148.53998512,46.11042743,48461.732,293.531395170424,293.280627568563,293.71253267924,0.000283573494129996,0.344932845851523,78641.404,293.66706123352,293.280627568563,294.076065063477,0.0025377122063901,0.406930371826348,103828.308,293.480396906535,292.368683497111,294.076065063477,0.00696210585851986,0.509462646603073,9.72151752876016e-06,293.601025263468,0.266088860037583,18140.532,0.97620238349947,1.17672858037465,0.677714659502787,0.849813641546483,0.25734775559562,0.176741191612037,0.148355435808905,0.159859575643588,0.825394461585652,0.520727592387233,0.490087883444578,0.505888032809165,0.539143422003894,0.474879434894594,0.00293972481259566,0.170605956364681,0.437683406749276,0.516708720104492,0.539638280582947,0.458299213197024,0.0184721209360203,0.209642096986632,0.393423222160407,0.479022975700192,0.472116155281055,0.386593036658156,0.0412664928104141,0.307532807897998,0.00019872823606348,0.48886357258234,0.147544146540558,0.557830591213138,0.530246851782569,0.144390035461839,0.588285860346515
2021-12-28,"E",2021-12-28,"LANDSAT_8",0,"2.50",0.016546706884281,0.010931446830567,0.0154252691418857,0.0118712919572172,0.00319053702638088,0.00483415322574592,0,1,25,0,436,443.44,"1_LC08_018050_20211228",13,9,9,146.51076613,44.98685671,47330.988,292.430925157335,291.924119313558,292.79967435201,0.000249871611515573,0.284373591299336,79098.696,291.388200887044,289.777528127034,292.79967435201,0.000395712256249681,0.333673387602201,99886.436,291.617360160464,289.777528127034,293.125801086426,0.0141300350424771,0.478307378574144,0.000141158699989319,292.79967435201,0.314575895206127,14545.828,0.920830426036417,1.07270134038376,0.660641836893335,0.932225925663756,0.187678109114327,0.110786967163607,0.0833779713312636,0.102931052872605,0.775829328157539,0.445820483510813,0.473753737408231,0.417782236946337,0.43879699781377,0.400139246222459,0.00259034709357871,0.135282641279213,0.44217834222582,0.332465459979367,0.280261936308562,0.363392097970249,0.00285653974862336,0.161836704761245,0.364362862703788,0.324485807464383,0.280261936308562,0.306582231765939,0.0839433713230076,0.282144227876271,0.00288558029864182,0.42609161631002,0.175829043464449,0.556852410652504,0.505789019620217,0.143389605667552,0.588861787581874
2021-12-28,"F",2021-12-28,"LANDSAT_8",0,"2.15",0.0251211280269812,0.0157511313646003,0.0259860311332447,0.0138322268153203,0.0035935074165379,0.0046638823430674,0,1,26,0,359,365.576923076923,"1_LC08_018050_20211228",13,9,9,146.51076613,44.98685671,47330.988,292.430925157335,291.924119313558,292.79967435201,0.000249871611515573,0.284373591299336,79098.696,291.388200887044,289.777528127034,292.79967435201,0.000395712256249681,0.333673387602201,99886.436,291.617360160464,289.777528127034,293.125801086426,0.0141300350424771,0.478307378574144,0.000141158699989319,292.79967435201,0.314575895206127,14545.828,1.1387270881905,0.966716613944289,0.627007328161494,1.03442931007455,0.235797432983107,0.147341617876856,0.15807700046503,0.116487632220287,0.776638196059331,0.445598147682691,0.473753737408231,0.417782236946337,0.43879699781377,0.400139246222459,0.00259034709357871,0.135282641279213,0.44217834222582,0.332465459979367,0.280261936308562,0.363392097970249,0.00285653974862336,0.161836704761245,0.364362862703788,0.324485807464383,0.280261936308562,0.306582231765939,0.0839433713230076,0.282144227876271,0.00288558029864182,0.42609161631002,0.175829043464449,0.56070169265212,0.480870963049107,0.141418697551112,0.589576022277084
2021-12-28,"P",2021-12-28,"LANDSAT_8",0,"3.00",0.019066226598933,0.010931446830567,0.0165539196194851,0.012330335197615,0.00348360234569221,0.00568552606911021,0,1,26,0,549,555.615384615385,"1_LC08_018050_20211228",13,9,9,146.51076613,44.98685671,47330.988,292.430925157335,291.924119313558,292.79967435201,0.000249871611515573,0.284373591299336,79098.696,291.388200887044,289.777528127034,292.79967435201,0.000395712256249681,0.333673387602201,99886.436,291.617360160464,289.777528127034,293.125801086426,0.0141300350424771,0.478307378574144,0.000141158699989319,292.79967435201,0.314575895206127,14545.828,0.886549039857523,1.15176508266301,0.573340863953581,0.868232606676955,0.201817557495205,0.110786967163607,0.0913612110801586,0.106104567834999,0.776417587582324,0.44693218671686,0.473753737408231,0.417782236946337,0.43879699781377,0.400139246222459,0.00259034709357871,0.135282641279213,0.44217834222582,0.332465459979367,0.280261936308562,0.363392097970249,0.00285653974862336,0.161836704761245,0.364362862703788,0.324485807464383,0.280261936308562,0.306582231765939,0.0839433713230076,0.282144227876271,0.00288558029864182,0.42609161631002,0.175829043464449,0.55624680833884,0.524377686770885,0.138273960973233,0.588414578823128
2021-12-28,"R",2021-12-28,"LANDSAT_8",0,"2.00",0.0169793865272173,0.0114613157827307,0.014963243556258,0.0121992726428123,0.00322716900848484,0.00474901763082357,0,1,24,0,302,309.75,"1_LC08_018050_20211228",13,9,9,146.51076613,44.98685671,47330.988,292.430925157335,291.924119313558,292.79967435201,0.000249871611515573,0.284373591299336,79098.696,291.388200887044,289.777528127034,292.79967435201,0.000395712256249681,0.333673387602201,99886.436,291.617360160464,289.777528127034,293.125801086426,0.0141300350424771,0.478307378574144,0.000141158699989319,292.79967435201,0.314575895206127,14545.828,0.939508126288464,1.13473970154794,0.675013538584486,0.881259374846818,0.190106290740046,0.114805731116594,0.0801099436350057,0.105198489840439,0.775902858211425,0.445709315396206,0.473753737408231,0.417782236946337,0.43879699781377,0.400139246222459,0.00259034709357871,0.135282641279213,0.44217834222582,0.332465459979367,0.280261936308562,0.363392097970249,0.00285653974862336,0.161836704761245,0.364362862703788,0.324485807464383,0.280261936308562,0.306582231765939,0.0839433713230076,0.282144227876271,0.00288558029864182,0.42609161631002,0.175829043464449,0.557182364010503,0.520374851418828,0.144231755726469,0.588505614651805
2022-03-18,"E",2022-03-18,"LANDSAT_8",0,"3.80",0.0363101476995585,0.0215024619054661,0.039340746127115,0.0196783715489643,0.00920269907358679,0.0155636958226213,0,1,25,0,438,446,"1_LC08_018050_20220318",25.8,9,9,117.6101469,59.39169938,62916.38,294.571396297879,293.970717112223,295.329577128092,0.00954292714578742,0.722404936975018,97481.432375,293.97826016744,292.980904261271,295.329577128092,0.0169550628268667,0.924358486836518,145417.7413125,294.624091920399,292.980904261271,296.288476308187,0.0170375519975536,0.823767455959134,0.000152033567360377,295.329577128092,0.481954287013367,23098.7835625,1.09269518831693,0.922965405440856,0.592188775528653,1.08346422748353,0.29858978391134,0.190962290054304,0.25253838925653,0.156903928882147,0.787897323769975,0.459830875077018,0.698892291282236,0.589152570636472,0.590192147893897,0.607274795262471,0.0989287796496368,0.39077982919919,0.622870796692448,0.541868799010404,0.51744617983422,0.551505167209205,0.123577309713667,0.547300741394087,0.700029799354777,0.573891415166396,0.51744617983422,0.572874752809474,0.101254333063927,0.563661331528114,0.00310788542782367,0.624265654877603,0.273469176400969,0.559888510101089,0.470584621562293,0.139378407070466,0.589918696245193
2022-03-18,"F",2022-03-18,"LANDSAT_8",0,"2.50",0.0528787908057446,0.0353638428095203,0.055919045870389,0.0218860271320637,0.011184302554561,0.0165006333720696,0,1,26,0,365,372.769230769231,"1_LC08_018050_20220318",25.8,9,9,117.6101469,59.39169938,62916.38,294.571396297879,293.970717112223,295.329577128092,0.00954292714578742,0.722404936975018,97481.432375,293.97826016744,292.980904261271,295.329577128092,0.0169550628268667,0.924358486836518,145417.7413125,294.624091920399,292.980904261271,296.288476308187,0.0170375519975536,0.823767455959134,0.000152033567360377,295.329577128092,0.481954287013367,23098.7835625,1.61581828424727,0.945631134842837,0.668771775425668,1.05749479173631,0.391572376021543,0.296093224200106,0.369801035316009,0.172166168706672,0.791874924827002,0.461054306721222,0.698892291282236,0.589152570636472,0.590192147893897,0.607274795262471,0.0989287796496368,0.39077982919919,0.622870796692448,0.541868799010404,0.51744617983422,0.551505167209205,0.123577309713667,0.547300741394087,0.700029799354777,0.573891415166396,0.51744617983422,0.572874752809474,0.101254333063927,0.563661331528114,0.00310788542782367,0.624265654877603,0.273469176400969,0.569129809609035,0.475913558536873,0.143866002155674,0.589737212313593
2022-03-18,"P",2022-03-18,"LANDSAT_8",0,"3.50",0.0337709631447098,0.0181280726287507,0.0368567427566987,0.0127557765722374,0.00432628561635235,0.0102834702064461,0,1,26,0,494,501,"1_LC08_018050_20220318",25.8,9,9,117.6101469,59.39169938,62916.38,294.571396297879,293.970717112223,295.329577128092,0.00954292714578742,0.722404936975018,97481.432375,293.97826016744,292.980904261271,295.329577128092,0.0169550628268667,0.924358486836518,145417.7413125,294.624091920399,292.980904261271,296.288476308187,0.0170375519975536,0.823767455959134,0.000152033567360377,295.329577128092,0.481954287013367,23098.7835625,1.42116573821197,0.91627638849263,0.536794658507998,1.09137375202378,0.28433997719857,0.165369407260866,0.234968384337668,0.10904578218948,0.778109075258996,0.452936077114049,0.698892291282236,0.589152570636472,0.590192147893897,0.607274795262471,0.0989287796496368,0.39077982919919,0.622870796692448,0.541868799010404,0.51744617983422,0.551505167209205,0.123577309713667,0.547300741394087,0.700029799354777,0.573891415166396,0.51744617983422,0.572874752809474,0.101254333063927,0.563661331528114,0.00310788542782367,0.624265654877603,0.273469176400969,0.565691149584482,0.469011967574115,0.136132433843698,0.589973970900546
2022-03-18,"R",2022-03-18,"LANDSAT_8",0,"4.25",0.0246198746500845,0.0132807444239404,0.0303024740517431,0.012313956431997,0.004656079908182,0.011901478385629,0,1,24,0,305,312.666666666667,"1_LC08_018050_20220318",25.8,9,9,117.6101469,59.39169938,62916.38,294.571396297879,293.970717112223,295.329577128092,0.00954292714578742,0.722404936975018,97481.432375,293.97826016744,292.980904261271,295.329577128092,0.0169550628268667,0.924358486836518,145417.7413125,294.624091920399,292.980904261271,296.288476308187,0.0170375519975536,0.823767455959134,0.000152033567360377,295.329577128092,0.481954287013367,23098.7835625,1.0785115650914,0.812470777404008,0.539431845722042,1.23081349854229,0.232984418182248,0.128605094541204,0.188608329131178,0.105991336110447,0.778771059423021,0.455048835224938,0.698892291282236,0.589152570636472,0.590192147893897,0.607274795262471,0.0989287796496368,0.39077982919919,0.622870796692448,0.541868799010404,0.51744617983422,0.551505167209205,0.123577309713667,0.547300741394087,0.700029799354777,0.573891415166396,0.51744617983422,0.572874752809474,0.101254333063927,0.563661331528114,0.00310788542782367,0.624265654877603,0.273469176400969,0.559637947448905,0.444606242556915,0.136286967204842,0.590948426936703
2022-04-03,"E",2022-04-03,"LANDSAT_8",0,"4.60",0.0223902143644059,0.00491434160353456,0.0389382961750251,0.00649346016579593,0.00641544510765006,0.0203339467401159,0,1,25,0,179,186.88,"1_LC08_018050_20220403",28.86,9,9,106.96977648,63.20411667,72845.768,297.961071650187,297.834705352783,298.146766662598,7.01788565038441e-06,0.850880944245262,115952.352,296.971400324504,294.711477279663,298.146766662598,0.000381507908304712,0.798051400350174,146016.154,295.684755688622,291.561104456584,298.146766662598,0.00159656647334216,0.789916374515587,4.14588316743902e-06,297.834705352783,0.727945591295604,26243.582,0.756814006409199,0.575017824708183,0.219486134592216,1.73907652429295,0.220471649842748,0.0651505404792727,0.249691755583633,0.065752355631528,0.782302569608732,0.466059759730741,0.842327121485666,0.860536652964544,0.876027049098723,0.83793192030954,7.27524010722122e-05,0.46571797893845,0.804430045283753,0.783860767233327,0.645581195840068,0.760979687326737,0.00275298738928079,0.46487638453208,0.704441431138395,0.661872489902135,0.412321421291693,0.729340019904289,0.00932079878650257,0.536075919993426,8.4750559401142e-05,0.820499036693758,0.416968127442429,0.553954957128109,0.388778706769191,0.117538853358033,0.594500355176419
2022-04-03,"R",2022-04-03,"LANDSAT_8",0,"4.60",0.0288461857403505,0.00807317082830708,0.043942166428705,0.0109010497280673,0.0152239505081911,0.0353324350142348,0,1,24,0,15,23.0416666666667,"1_LC08_018050_20220403",28.86,9,9,106.96977648,63.20411667,72845.768,297.961071650187,297.834705352783,298.146766662598,7.01788565038441e-06,0.850880944245262,115952.352,296.971400324504,294.711477279663,298.146766662598,0.000381507908304712,0.798051400350174,146016.154,295.684755688622,291.561104456584,298.146766662598,0.00159656647334216,0.789916374515587,4.14588316743902e-06,297.834705352783,0.727945591295604,26243.582,0.740586551726373,0.656457978401057,0.279869612605808,1.5233267519053,0.256702314555447,0.0891085190894891,0.285085437419002,0.0962234533255878,0.799983564181267,0.485644443022156,0.842327121485666,0.860536652964544,0.876027049098723,0.83793192030954,7.27524010722122e-05,0.46571797893845,0.804430045283753,0.783860767233327,0.645581195840068,0.760979687326737,0.00275298738928079,0.46487638453208,0.704441431138395,0.661872489902135,0.412321421291693,0.729340019904289,0.00932079878650257,0.536075919993426,8.4750559401142e-05,0.820499036693758,0.416968127442429,0.553668288903857,0.40792609172789,0.121077192147659,0.592992616721267
2022-04-19,"R",2022-04-19,"LANDSAT_8",0,"4.75",0.060778924775075,0.0428113502753992,0.0582135251147228,0.0393764481422691,0.0547691574224186,0.0998659730648629,0,1,24,0,28,36.1666666666667,"1_LC08_018050_20220419",7.39,9,9,94.52446487,65.78885141,68677.094,296.487897237142,296.239864349365,296.622533798218,0.000393950938871512,0.998592319757752,116818.912,296.759321467082,296.239864349365,297.234768549601,0.000428830056250717,0.902263642876828,164211.318,296.719015303112,296.239864349365,297.234768549601,0.000474730186908801,0.868056120031002,3.9088725941383e-05,296.239864349365,1.15852606526864,23438.462,1.08723240147815,1.04406879080586,0.704378210602301,0.957791295751842,0.435907626034378,0.352578463467766,0.386030486567685,0.293083127915904,0.879361228952556,0.569910862497036,0.782108601737676,0.742591409057574,0.758050183676557,0.713135499588135,0.00408397602004029,0.551875833712559,0.812947866034071,0.766714433472478,0.758745968177368,0.6931672931913,0.00309797471907247,0.532882284330391,0.838580237830273,0.747663364602279,0.758745968177368,0.65255114350436,0.00264153763890512,0.599752380104552,0.000799055654975561,0.695570883126535,0.668147113359645,0.559792006525319,0.499057224255677,0.145952460817717,0.589040447754608
2022-05-21,"E",2022-05-21,"LANDSAT_8",0,"2.75",0.0439694649869392,0.0304708185350119,0.0435246144918502,0.0431355042290923,0.0563649676169939,0.107389220396351,0,1,25,0,142,148.96,"1_LC08_018050_20220521",67.75,9,9,72.30821558,66.42610067,62791.56,297.627839618259,297.474378585815,297.927512486776,0.00842646062363883,0.90305289872698,115243.826,297.336334737142,296.533361434937,297.927512486776,0.00846298634985487,0.981928956208497,172452.642,297.000013078962,296.151556015015,297.927512486776,0.00846599638430234,0.994036125040724,0.00818513333797455,297.927512486776,0.843374447513022,21180.328,0.706397643416468,1.01022066479583,0.692999529197433,0.98988274032397,0.341573579905427,0.258982331978199,0.282131983461656,0.319070703129239,0.882564441087426,0.579734546965585,0.697089205784319,0.833857440418264,0.849372214915577,0.819980505528873,0.0873546924886978,0.496149106276623,0.797465614124988,0.813365298311878,0.780477067274463,0.744676856898916,0.0616684802257542,0.584869567057264,0.899337116247041,0.770971869199413,0.752207446129969,0.710879146392131,0.0502204530990712,0.702414101241312,0.167321316387887,0.827768867267943,0.484303514908445,0.553064320270089,0.491099195329447,0.145285695154094,0.589264714526838
2022-05-21,"R",2022-05-21,"LANDSAT_8",0,"2.90",0.0550822985710154,0.0367904477191991,0.0517307195768636,0.0322413107946683,0.0529514377674979,0.100720767739538,0,1,24,0,268,275.75,"1_LC08_018050_20220521",67.75,9,9,72.30821558,66.42610067,62791.56,297.627839618259,297.474378585815,297.927512486776,0.00842646062363883,0.90305289872698,115243.826,297.336334737142,296.533361434937,297.927512486776,0.00846298634985487,0.981928956208497,172452.642,297.000013078962,296.151556015015,297.927512486776,0.00846599638430234,0.994036125040724,0.00818513333797455,297.927512486776,0.843374447513022,21180.328,1.14109652530886,1.06478894980712,0.667917800702646,0.93915324739343,0.403938377415667,0.306913236134678,0.340175909015675,0.243755606805423,0.875712585977203,0.571027033852225,0.697089205784319,0.833857440418264,0.849372214915577,0.819980505528873,0.0873546924886978,0.496149106276623,0.797465614124988,0.813365298311878,0.780477067274463,0.744676856898916,0.0616684802257542,0.584869567057264,0.899337116247041,0.770971869199413,0.752207446129969,0.710879146392131,0.0502204530990712,0.702414101241312,0.167321316387887,0.827768867267943,0.484303514908445,0.560743550253603,0.503928738402112,0.143815961118171,0.588910198244131
2022-06-22,"E",2022-06-22,"LANDSAT_8",0,"3.60",0.0217906133860968,0.0106171005253284,0.0283239492467178,0.0160344575479743,0.032456524178339,0.0781644869960032,0,1,25,0,8,16.64,"1_LC08_018050_20220622",74.08,9,9,65.57276162,64.51479191,46104.428,294.050952911377,293.904816309611,294.299701690674,0.0404853254555633,0.305845464184556,83513.268,294.076567586263,293.856293360392,294.373685836792,0.0636714203431552,0.275629031984046,117502.032,293.838935579572,293.171115239461,294.373685836792,0.0745209736897436,0.348254502438883,0.00808329880237579,293.948340733846,0.541825580003029,14212.256,0.662142794264325,0.769335278646636,0.487232751883088,1.29982340308004,0.217106712060113,0.1084028236974,0.174613706188876,0.13171236829235,0.834573886566037,0.541573557840469,0.4560354827349,0.54748484845966,0.58531719791186,0.522953841829323,0.419699718948947,0.147806866304905,0.485571220947863,0.549816841709225,0.58226170338343,0.480429058528178,0.464148313707967,0.123958634619763,0.494228964850833,0.508763425721381,0.531529773231228,0.411652260411407,0.443502832049713,0.176163504174906,0.165239604600606,0.516069720610055,0.308395076593177,0.552282530441126,0.434464660516099,0.133228215298035,0.591430693433239
2022-07-08,"R",2022-07-08,"LANDSAT_8",0,"9.50",0.0213094092646991,0.00425551330313082,0.0165368267482693,0.00928055083694732,0.0116982124673345,0.0309000731749164,0,1,24,0,6,12.75,"1_LC08_018050_20220708",44.78,9,9,68.23444566,64.10600575,53361.968,294.410207324558,294.310364405314,294.595752080282,0.0151021684353978,0.577287323773264,92491.86,294.401218032837,294.310364405314,294.595752080282,0.0250485415403396,0.575474283037177,126713.088,294.303214118594,293.659899393717,294.595752080282,0.0467047496541646,0.68428803016309,0.00179682375298995,294.595752080282,0.670593097715693,20642.364,0.458541026055152,1.2886032846011,0.199701139072891,0.776034029984304,0.214406212915137,0.0601536909487272,0.0912403087356144,0.0850204183499386,0.792906477623457,0.479856766206367,0.560874171443067,0.576247464082139,0.615317237418259,0.547192939305604,0.156559834372904,0.306134877515392,0.57382597220137,0.576064460072659,0.615882012951722,0.496940982635383,0.182580286782093,0.319628985854201,0.562134923830487,0.547274899445355,0.567720309408194,0.430349905813232,0.277888805546439,0.449998866486269,0.0367308513194849,0.566783179779578,0.383511568104516,0.548685776761149,0.556549700338611,0.116379496206018,0.587770261389782
2022-07-24,"B",2022-07-25,"LANDSAT_8",1,"2.50",0.0260019638034241,0.0339862715957539,0.0533383581961121,0.0365001375934214,0.0455405887176544,0.081922380435586,0,1,25,0,162,169.72,"1_LC08_018050_20220724",30.28,9,9,74.35336426,64.2943716,54319.492,294.277519438002,293.782850265503,295.1040503184,0.032767627696046,0.282258861079949,96170.618,294.456525802612,293.782850265503,295.1040503184,0.0450209481446677,0.384786313472733,134705.348,294.616663796561,293.782850265503,295.129233678182,0.0587862027613824,0.469768494664588,0.0128985643386841,293.945657730103,0.350963674446382,17247.592,0.931127218596552,0.487490891786006,1.30706556830444,2.0513203771589,0.240740649708349,0.285645105823006,0.35154715705195,0.273198259215192,0.86083705648952,0.546480529230653,0.574706070484146,0.565624210647403,0.5762948743442,0.58880980918062,0.339692567119141,0.134049150503731,0.609986193337585,0.580536030184166,0.576823832782705,0.534735929763436,0.328182875062799,0.195191524030785,0.62105564689576,0.573275259191132,0.576823832782705,0.475268258054289,0.34982013930826,0.27518584969019,0.263673745502665,0.515859553764011,0.197055843196011,0.557034309988931,0.368200259861596,0.181268612287074,0.596682429619144
2022-07-24,"R",2022-07-25,"LANDSAT_8",1,"4.50",0.021880688411795,0.0290356794452824,0.042087076563359,0.0380523972376483,0.0398434466730146,0.0622000742066416,0,1,24,0,208,215,"1_LC08_018050_20220724",30.28,9,9,74.35336426,64.2943716,54319.492,294.277519438002,293.782850265503,295.1040503184,0.032767627696046,0.282258861079949,96170.618,294.456525802612,293.782850265503,295.1040503184,0.0450209481446677,0.384786313472733,134705.348,294.616663796561,293.782850265503,295.129233678182,0.0587862027613824,0.469768494664588,0.0128985643386841,293.945657730103,0.350963674446382,17247.592,0.763044684516093,0.519890907101975,1.32700027068757,1.92348045780276,0.217612209663033,0.248097592991747,0.27196390205909,0.283929534121245,0.849401389144178,0.520727592387233,0.574706070484146,0.565624210647403,0.5762948743442,0.58880980918062,0.339692567119141,0.134049150503731,0.609986193337585,0.580536030184166,0.576823832782705,0.534735929763436,0.328182875062799,0.195191524030785,0.62105564689576,0.573275259191132,0.576823832782705,0.475268258054289,0.34982013930826,0.27518584969019,0.263673745502665,0.515859553764011,0.197055843196011,0.554065025987563,0.375817823652821,0.182436741931511,0.595789037425105
2022-08-25,"B",2022-08-25,"LANDSAT_8",0,"2.75",0.0521582229603357,0.031325296923509,0.0683417259273674,0.0108516076639728,0.00179877212418896,0.00806953344294082,0,1,25,0,46,53.12,"1_LC08_018050_20220825",43.66,9,9,95.99080616,65.12567606,60837.516,294.747774336073,294.452672322591,295.018172581991,0.0217411130665255,0.160979230978087,101408.424,294.886562983195,294.452672322591,295.554670969645,0.02936975163027,0.289196016574746,144854.338,294.998711994716,294.452672322591,295.720989863078,0.0347475788915972,0.278891387853303,0.0160922884940646,294.452672322591,0.0485455340232175,18660.98,2.88669641342716,0.763197332999297,0.600582135386987,1.3102771154481,0.387528576802259,0.265463079589992,0.457669897454456,0.0958816442837215,0.773035688764369,0.450045169073985,0.668862091550287,0.603273743628898,0.625844331949388,0.581778577684465,0.225383862942471,0.0633085408443865,0.661471021431358,0.615304045805724,0.626418769889603,0.568242210941333,0.214082718415055,0.132812056945881,0.695876264491063,0.604965802491999,0.626418769889603,0.525093243318287,0.206697432014104,0.119639163457406,0.328960174909848,0.555575360377598,0.0206403147965104,0.591580673509362,0.433021568836676,0.139870239467987,0.591503747805265
2022-08-25,"E",2022-08-25,"LANDSAT_8",0,"3.00",0.0503604687766896,0.0273693688531283,0.0637897349722167,0.0105217275152167,-0.000324559780448458,0.00159921655652354,0,1,25,0,249,257.16,"1_LC08_018050_20220825",43.66,9,9,95.99080616,65.12567606,60837.516,294.747774336073,294.452672322591,295.018172581991,0.0217411130665255,0.160979230978087,101408.424,294.886562983195,294.452672322591,295.554670969645,0.02936975163027,0.289196016574746,144854.338,294.998711994716,294.452672322591,295.720989863078,0.0347475788915972,0.278891387853303,0.0160922884940646,294.452672322591,0.0485455340232175,18660.98,2.60122387826013,0.789476062232017,0.543469302767825,1.26666285127479,0.377439649006478,0.235459545574771,0.425472475975433,0.0936010757103406,0.768773601364243,0.441596377122449,0.668862091550287,0.603273743628898,0.625844331949388,0.581778577684465,0.225383862942471,0.0633085408443865,0.661471021431358,0.615304045805724,0.626418769889603,0.568242210941333,0.214082718415055,0.132812056945881,0.695876264491063,0.604965802491999,0.626418769889603,0.525093243318287,0.206697432014104,0.119639163457406,0.328960174909848,0.555575360377598,0.0206403147965104,0.586537621081941,0.439199957776631,0.136523553293396,0.591198955347968
2022-08-25,"R",2022-08-25,"LANDSAT_8",0,"3.00",0.0387508126444561,0.0223792111446701,0.0515316776052617,0.010637238265802,0.000736964065705728,0.00287611225557583,0,1,24,0,239,246.291666666667,"1_LC08_018050_20220825",43.66,9,9,95.99080616,65.12567606,60837.516,294.747774336073,294.452672322591,295.018172581991,0.0217411130665255,0.160979230978087,101408.424,294.886562983195,294.452672322591,295.554670969645,0.02936975163027,0.289196016574746,144854.338,294.998711994716,294.452672322591,295.720989863078,0.0347475788915972,0.278891387853303,0.0160922884940646,294.452672322591,0.0485455340232175,18660.98,2.10385539793893,0.751980421466027,0.577515918182216,1.32982185633297,0.312286702336987,0.197611949793629,0.33876803314008,0.0943996390330074,0.770904359819737,0.443263718350782,0.668862091550287,0.603273743628898,0.625844331949388,0.581778577684465,0.225383862942471,0.0633085408443865,0.661471021431358,0.615304045805724,0.626418769889603,0.568242210941333,0.214082718415055,0.132812056945881,0.695876264491063,0.604965802491999,0.626418769889603,0.525093243318287,0.206697432014104,0.119639163457406,0.328960174909848,0.555575360377598,0.0206403147965104,0.577751293106332,0.430384362085014,0.138518609953582,0.591640333615308
2022-09-10,"B",2022-09-09,"LANDSAT_8",-1,"3.00",0.0150553632392414,0.0187823986111882,0.0523442121520167,0.0196466691463501,0.0249357892999473,0.0598959394423047,0,1,25,0,108,116.16,"1_LC08_018050_20220910",65.1,9,9,110.01052441,64.56062316,62862.41,295.614348729451,295.201993306478,296.054976781209,0.0240474393281893,0.316498342943175,100590.362,295.310487365723,294.76556968689,296.054976781209,0.0342682059060913,0.278904887254887,135880.104,295.206388836815,294.76556968689,296.054976781209,0.0426390869801772,0.336929176610419,0.0152175009250186,296.054976781209,0.351525294632752,21706.696,0.956009309836499,0.28762231047662,1.24755532714298,3.47678175014621,0.179308745554852,0.170332109191191,0.34451530230777,0.156684759879783,0.819477787225716,0.517718905858595,0.698112668430749,0.672653395681939,0.681274648002576,0.66666682283063,0.249292883629172,0.154020532502426,0.653429910049981,0.649577848675774,0.64958630362354,0.605442874406017,0.249793368376473,0.126096363162027,0.629716210108827,0.622192403713802,0.64958630362354,0.553214442046732,0.253682401219889,0.166934440865257,0.3110776797117,0.68108814631593,0.197383464157504,0.557473867827844,0.32120918121123,0.177781443253283,0.606644075949527
2022-09-10,"E",2022-09-09,"LANDSAT_8",-1,"3.00",0.0413069650844172,0.036626155276025,0.0647081925319109,0.0507313043942994,0.0608960165692037,0.123469581542238,0,1,25,0,117,124.28,"1_LC08_018050_20220910",65.1,9,9,110.01052441,64.56062316,62862.41,295.614348729451,295.201993306478,296.054976781209,0.0240474393281893,0.316498342943175,100590.362,295.310487365723,294.76556968689,296.054976781209,0.0342682059060913,0.278904887254887,135880.104,295.206388836815,294.76556968689,296.054976781209,0.0426390869801772,0.336929176610419,0.0152175009250186,296.054976781209,0.351525294632752,21706.696,0.721963602421006,0.63835757835527,0.88668231135291,1.56652013527669,0.326631732172753,0.305667168506673,0.431968966291743,0.371582935865199,0.891659451908103,0.600731915133496,0.698112668430749,0.672653395681939,0.681274648002576,0.66666682283063,0.249292883629172,0.154020532502426,0.653429910049981,0.649577848675774,0.64958630362354,0.605442874406017,0.249793368376473,0.126096363162027,0.629716210108827,0.622192403713802,0.64958630362354,0.553214442046732,0.253682401219889,0.166934440865257,0.3110776797117,0.68108814631593,0.197383464157504,0.553339302755872,0.403670508801436,0.156635079514317,0.59329446790932
2022-09-10,"R",2022-09-09,"LANDSAT_8",-1,"3.50",0.0274594446895065,0.0174146760142128,0.0330364810930111,0.0300228657375589,0.037108709847157,0.0758588013495938,0,1,24,0,83,91.1666666666667,"1_LC08_018050_20220910",65.1,9,9,110.01052441,64.56062316,62862.41,295.614348729451,295.201993306478,296.054976781209,0.0240474393281893,0.316498342943175,100590.362,295.310487365723,294.76556968689,296.054976781209,0.0342682059060913,0.278904887254887,135880.104,295.206388836815,294.76556968689,296.054976781209,0.0426390869801772,0.336929176610419,0.0152175009250186,296.054976781209,0.351525294632752,21706.696,0.580047093653251,0.831185519190044,0.634196219593171,1.20310084441132,0.248919976758276,0.159958687144165,0.207946675340921,0.228418775843955,0.843912050740375,0.538562846205457,0.698112668430749,0.672653395681939,0.681274648002576,0.66666682283063,0.249292883629172,0.154020532502426,0.653429910049981,0.649577848675774,0.64958630362354,0.605442874406017,0.249793368376473,0.126096363162027,0.629716210108827,0.622192403713802,0.64958630362354,0.553214442046732,0.253682401219889,0.166934440865257,0.3110776797117,0.68108814631593,0.197383464157504,0.550832258098796,0.449006263297681,0.141839950752218,0.590754760756363
2022-09-26,"B",2022-09-26,"LANDSAT_8",0,"3.75",0.0277493540555247,0.011520144340367,0.0235075461490723,0.0107526922641343,0.00179877212418896,0.00500442533708936,0,1,25,0,232,239.6,"1_LC08_018050_20220926",29.96,9,9,123.67062064,62.67081772,44873.9310625,294.212049060398,294.105885187785,294.297192255656,0.0168466474243587,0.66074524581888,64324.5510625,293.901145172119,293.090217590332,294.297192255656,0.0903674415894216,0.510593943829627,94216.5910625,293.982814243862,293.090217590332,294.424699147542,0.119691294071288,0.404058297597334,0.00573407411565086,294.297192255656,0.777335646035394,18164.8071875,1.07137301592761,1.18044452107222,0.415150000151929,0.84713849922543,0.25054693704444,0.115251913301584,0.140546028534048,0.0951978100089229,0.773035688764369,0.446042820943298,0.438260357088067,0.560382523317777,0.600191079339589,0.522748382076028,0.174644346060549,0.354814645762131,0.296956409160778,0.535634139583185,0.525539952833116,0.474741313346581,0.658767313173498,0.277289950247126,0.32256350139854,0.520698027331258,0.525539952833116,0.415947504840216,0.712440795278005,0.221638289292495,0.117216518006514,0.543396191647253,0.445779800553071,0.55951184047449,0.531120506163041,0.129004324841511,0.588267165471866
2022-09-26,"E",2022-09-26,"LANDSAT_8",0,"3.00",0.0352667809733759,0.0146444041747515,0.0315690104479683,0.00909796375782844,0.000114656995775192,0.00313149968887328,0,1,25,0,246,254.16,"1_LC08_018050_20220926",29.96,9,9,123.67062064,62.67081772,44873.9310625,294.212049060398,294.105885187785,294.297192255656,0.0168466474243587,0.66074524581888,64324.5510625,293.901145172119,293.090217590332,294.297192255656,0.0903674415894216,0.510593943829627,94216.5910625,293.982814243862,293.090217590332,294.424699147542,0.119691294071288,0.404058297597334,0.00573407411565086,294.297192255656,0.777335646035394,18164.8071875,1.60963536067624,1.1171329247555,0.415246409526491,0.895148623624051,0.292734449705622,0.138947702139403,0.197566872012649,0.0837581345898697,0.76965522532693,0.443597197425895,0.438260357088067,0.560382523317777,0.600191079339589,0.522748382076028,0.174644346060549,0.354814645762131,0.296956409160778,0.535634139583185,0.525539952833116,0.474741313346581,0.658767313173498,0.277289950247126,0.32256350139854,0.520698027331258,0.525539952833116,0.415947504840216,0.712440795278005,0.221638289292495,0.117216518006514,0.543396191647253,0.445779800553071,0.569020584363583,0.516235324197429,0.129009974218475,0.588602677810958
2022-09-26,"R",2022-09-26,"LANDSAT_8",0,"3.50",0.0308750619316991,0.0118533332566411,0.0222663621965928,0.0116085738444788,0.00352023703136173,0.00755865444700878,0,1,24,0,297,303,"1_LC08_018050_20220926",29.96,9,9,123.67062064,62.67081772,44873.9310625,294.212049060398,294.105885187785,294.297192255656,0.0168466474243587,0.66074524581888,64324.5510625,293.901145172119,293.090217590332,294.297192255656,0.0903674415894216,0.510593943829627,94216.5910625,293.982814243862,293.090217590332,294.424699147542,0.119691294071288,0.404058297597334,0.00573407411565086,294.297192255656,0.777335646035394,18164.8071875,1.02108436535283,1.38662353819178,0.383912857660422,0.7211762763699,0.268088290228484,0.117778967586967,0.131766810111884,0.101114797260291,0.77649112306298,0.44937807495405,0.438260357088067,0.560382523317777,0.600191079339589,0.522748382076028,0.174644346060549,0.354814645762131,0.296956409160778,0.535634139583185,0.525539952833116,0.474741313346581,0.658767313173498,0.277289950247126,0.32256350139854,0.520698027331258,0.525539952833116,0.415947504840216,0.712440795278005,0.221638289292495,0.117216518006514,0.543396191647253,0.445779800553071,0.558623459736902,0.579595230634733,0.127173897105469,0.587386895308918
2022-10-04,"B",2022-10-04,"LANDSAT_9",0,"3.50",0.032271605295017,0.0229958307611284,0.0289147307940675,0.0370863381506475,0.061022550447798,0.318919485094874,0,1,25,0,215,222.16,"2_LC09_018050_20221004",14.5,9,9,129.59653694,61.18226309,45168.1513125,293.378012127346,293.242636998494,293.620989481608,0.0045822709797676,0.718600669465469,66073.74175,293.184427769979,292.763686498006,293.620989481608,0.0261691093442664,0.756328877835537,103291.3008125,293.552734193348,292.763686498006,294.750075658162,0.0524148344990749,0.646281722547883,0.000873619317928842,293.620989481608,0.727346261862389,15990.9599375,0.62006204731558,1.11609565120483,0.712571641568731,0.89598055410439,0.275925638228762,0.202288669720713,0.178792458446836,0.277250853994082,0.891913438789978,0.85594593340366,0.44251051143808,0.493607884398472,0.536333105262141,0.467384344299947,0.0475030846539015,0.388560856378225,0.31415001691356,0.477688354988314,0.501362951171277,0.42446168186957,0.190749436140409,0.437649471295494,0.389464285416764,0.485023286475335,0.501362951171277,0.443343720140851,0.311885876523122,0.419027340857823,0.0178586136916755,0.490427423088,0.416618508803488,0.551539147499144,0.515991450934896,0.146432577822606,0.588608491645955
2022-10-28,"B",2022-10-27,"LANDSAT_8",-1,"2.90",0.0272852451801039,0.0129292835007249,0.0274774118022299,0.0107197111985141,0.00113968538988594,0.00432334426370441,0,1,25,0,84,91.56,"1_LC08_018050_20221028",18.85,9,9,142.71374345,55.59022461,58155.248,294.765660603841,294.221554438273,295.092403411865,0.00294416325698421,0.337087186701399,87798.56,294.352993138631,293.059878667196,295.092403411865,0.00491151290545488,0.368331631260673,102485.236,293.82662101019,292.510336558024,295.092403411865,0.0297859169782164,0.496061918107583,0.000315330269074821,294.221554438273,0.463643377032013,19768.32,1.20612237226289,0.993006378347818,0.47385623311726,1.00704287686834,0.247942375766766,0.125939457154197,0.16862592564043,0.0949698011940437,0.771712727780395,0.445153480839533,0.630115428096296,0.604705753441044,0.608747603512883,0.587856219816413,0.0305212932733455,0.166029699733678,0.52769334650036,0.572165532373364,0.523293599538392,0.533869914137794,0.0357775730376954,0.184453673634367,0.38352179585937,0.507741943625362,0.482604425371055,0.472167204743226,0.177156369698389,0.296612488822544,0.00644601297742595,0.537471279480298,0.262787512743768,0.561892272862363,0.487051946466774,0.132444380766201,0.589384635848086
2022-10-28,"E",2022-10-27,"LANDSAT_8",-1,"3.50",0.0224500580960822,0.0104205018590067,0.0224874896784103,0.0103896457362788,0.00341033398819017,0.00943193149334149,0,1,25,0,216,224.96,"1_LC08_018050_20221028",18.85,9,9,142.71374345,55.59022461,58155.248,294.765660603841,294.221554438273,295.092403411865,0.00294416325698421,0.337087186701399,87798.56,294.352993138631,293.059878667196,295.092403411865,0.00491151290545488,0.368331631260673,102485.236,293.82662101019,292.510336558024,295.092403411865,0.0297859169782164,0.496061918107583,0.000315330269074821,294.221554438273,0.463643377032013,19768.32,1.00296989170864,0.998335448604384,0.464163692334729,1.00166732674668,0.220807490578597,0.106911731173121,0.133330902572264,0.0926879514884137,0.776270518656051,0.451824157319085,0.630115428096296,0.604705753441044,0.608747603512883,0.587856219816413,0.0305212932733455,0.166029699733678,0.52769334650036,0.572165532373364,0.523293599538392,0.533869914137794,0.0357775730376954,0.184453673634367,0.38352179585937,0.507741943625362,0.482604425371055,0.472167204743226,0.177156369698389,0.296612488822544,0.00644601297742595,0.537471279480298,0.262787512743768,0.558303456132249,0.488304863548183,0.131876419228558,0.589347069534359
2022-10-28,"R",2022-10-27,"LANDSAT_8",-1,"3.00",0.0309602019745704,0.0126947931370537,0.0249511294018605,0.0125267900447096,0.00491260550456392,0.00960223677863292,0,1,24,0,39,46.8333333333333,"1_LC08_018050_20221028",18.85,9,9,142.71374345,55.59022461,58155.248,294.765660603841,294.221554438273,295.092403411865,0.00294416325698421,0.337087186701399,87798.56,294.352993138631,293.059878667196,295.092403411865,0.00491151290545488,0.368331631260673,102485.236,293.82662101019,292.510336558024,295.092403411865,0.0297859169782164,0.496061918107583,0.000315330269074821,294.221554438273,0.463643377032013,19768.32,1.0134115038046,1.24083369036841,0.410035863056732,0.805909774824934,0.268566092896319,0.124160976990382,0.150756870095033,0.107462723977651,0.779285973982427,0.452046538069353,0.630115428096296,0.604705753441044,0.608747603512883,0.587856219816413,0.0305212932733455,0.166029699733678,0.52769334650036,0.572165532373364,0.523293599538392,0.533869914137794,0.0357775730376954,0.184453673634367,0.38352179585937,0.507741943625362,0.482604425371055,0.472167204743226,0.177156369698389,0.296612488822544,0.00644601297742595,0.537471279480298,0.262787512743768,0.558487913797137,0.545318596655489,0.128704647673937,0.587979044040508
2022-11-13,"R",2022-11-14,"LANDSAT_8",1,"3.75",0.0205850641846851,0.00710243629257924,0.0269691978796703,0.0079160756091322,0.00747877223202989,0.0222082374348618,0,1,24,0,24,28.5416666666667,"1_LC08_018050_20221113",28.35,9,9,147.21998458,51.58579472,52943.376,293.659371482001,292.290506998698,294.720899581909,0.00150675475583739,0.244635964057186,82404.096,293.296532440186,292.290506998698,294.720899581909,0.0139910915502242,0.426446205143672,118448.644,293.584806533087,292.290506998698,294.720899581909,0.0179979600976026,0.505086857674657,0.000667428970245965,294.720899581909,0.182293414989758,19380.052,0.897216833601953,0.763280549778693,0.345028620210148,1.31013426228396,0.210341215999558,0.0817460326781381,0.165031195767858,0.0755873580841245,0.784436947719443,0.468507165694714,0.554827406784004,0.516134068274896,0.465900182726538,0.557439379091974,0.0156200929703294,0.112104272618585,0.474668654158175,0.486751889726692,0.466327814211955,0.506246431390651,0.101969403464888,0.222377566187566,0.501207599617753,0.487683657277153,0.466327814211955,0.440887138179443,0.106972472676695,0.303966956136937,0.0136436499303995,0.576586317690069,0.0986620996669871,0.556435261645238,0.433041133923895,0.124895366451035,0.591502749495016
2022-11-29,"B",2022-11-28,"LANDSAT_8",-1,"3.50",0.0234641644397358,0.0178197476715294,0.0247304597486339,0.0192341163242012,0.00839566165949419,0.0109647232928952,0,1,25,0,544,551.24,"1_LC08_018050_20221129",3.38,9,9,148.90302221,48.14824402,47658.86,294.381331973606,294.196264902751,294.558827082316,0.00418393015850782,0.194043906328878,78303.044,294.174967193603,293.323882420858,294.558827082316,0.00529475740531282,0.324993803475192,104632.136,293.83088684082,292.935304641724,294.558827082316,0.0153772436770687,0.460937317238183,0.000884824991221222,294.38890393575,0.212154725119853,17072.412,0.92646562863446,0.94879612745703,0.759445226242629,1.05396720229056,0.22649861663545,0.163030932400568,0.149196015975908,0.153832648273189,0.786277386733037,0.453825641828543,0.478490007624327,0.573935646634881,0.60687683387348,0.544169708611008,0.0433735999863737,0.0825946756267793,0.434357509143712,0.557772337744504,0.542840954571418,0.494195393055934,0.0385714972867425,0.156172658828433,0.399349221437221,0.508095790315248,0.514069894685646,0.427240876239077,0.0913690824331916,0.267989280090205,0.0180876811886697,0.550580212392982,0.116081685667783,0.556951960061432,0.476657679578245,0.149179266624187,0.589712560226119
2022-11-29,"E",2022-11-28,"LANDSAT_8",-1,"3.25",0.0135518328841983,0.0120687694484005,0.0150145884761149,0.016485198744507,0.0114779572511635,0.0223786348700091,0,1,25,0,374,381.76,"1_LC08_018050_20221129",3.38,9,9,148.90302221,48.14824402,47658.86,294.381331973606,294.196264902751,294.558827082316,0.00418393015850782,0.194043906328878,78303.044,294.174967193603,293.323882420858,294.558827082316,0.00529475740531282,0.324993803475192,104632.136,293.83088684082,292.935304641724,294.558827082316,0.0153772436770687,0.460937317238183,0.000884824991221222,294.38890393575,0.212154725119853,17072.412,0.732097297426997,0.902577710055554,0.89056362718824,1.10793784164961,0.170870990644429,0.119412932358966,0.0804731196697842,0.134828488530008,0.792464367287525,0.468729666772158,0.478490007624327,0.573935646634881,0.60687683387348,0.544169708611008,0.0433735999863737,0.0825946756267793,0.434357509143712,0.557772337744504,0.542840954571418,0.494195393055934,0.0385714972867425,0.156172658828433,0.399349221437221,0.508095790315248,0.514069894685646,0.427240876239077,0.0913690824331916,0.267989280090205,0.0180876811886697,0.550580212392982,0.116081685667783,0.553518320871113,0.465791272897515,0.156862516071911,0.590089726827549
2022-11-29,"R",2022-11-28,"LANDSAT_8",-1,"2.75",0.0180258638193173,0.0125383848583717,0.0146722477208213,0.0154697541266164,0.0066354205047861,0.00943193149334156,0,1,24,0,302,309.125,"1_LC08_018050_20221129",3.38,9,9,148.90302221,48.14824402,47658.86,294.381331973606,294.196264902751,294.558827082316,0.00418393015850782,0.194043906328878,78303.044,294.174967193603,293.323882420858,294.558827082316,0.00529475740531282,0.324993803475192,104632.136,293.83088684082,292.935304641724,294.558827082316,0.0153772436770687,0.460937317238183,0.000884824991221222,294.38890393575,0.212154725119853,17072.412,0.810509640667065,1.22856866666291,0.695577476011719,0.813955318196617,0.195979081322855,0.122974706404516,0.078051654052599,0.127808390193377,0.782744118274027,0.451824157319085,0.478490007624327,0.573935646634881,0.60687683387348,0.544169708611008,0.0433735999863737,0.0825946756267793,0.434357509143712,0.557772337744504,0.542840954571418,0.494195393055934,0.0385714972867425,0.156172658828433,0.399349221437221,0.508095790315248,0.514069894685646,0.427240876239077,0.0913690824331916,0.267989280090205,0.0180876811886697,0.550580212392982,0.116081685667783,0.554903524381794,0.542434968374254,0.145436757158315,0.58803526924529
2022-12-07,"B",2022-12-07,"LANDSAT_9",0,"2.50",0.0119190287270935,0.00181770327704096,0.022522814841761,0.00304296421932231,0.01769301831371,0.12327131479101,0.56,1,11,0,3,4.90909090909091,"2_LC09_018050_20221207",46.46,9,9,148.85080342,46.81179614,42776.032,292.064130571153,291.978256225586,292.178387959798,0.0107385873793255,1.07244723206353,69503.816,292.379508845011,291.978256225586,292.900115331014,0.0211450606583234,1.17013514046359,100031.168,292.654073079427,291.978256225586,293.803963343302,0.030775485318582,1.04250712255758,0.000636711716595073,292.035747528076,0.725257201540837,14545.24,0.597346253859592,0.529198007035678,0.152504312109684,1.88965186320625,0.161707756095715,0.0416642455545914,0.133580766683249,0.0418979568513085,0.804939634761177,0.600473022939892,0.407955186637117,0.388415940228234,0.442801725037996,0.349271481983224,0.111323845227785,0.594954308790857,0.347865809959375,0.412611577860728,0.443208155355999,0.370860472255787,0.154123179384598,0.707687487462353,0.365429859284315,0.410480181492643,0.443208155355999,0.363682478992564,0.183048125428371,0.741913353760885,0.0130157247513627,0.366251188725066,0.41539985611298,0.551137858677219,0.378006014823871,0.113613866118371,0.595552630812053
